	A1-20-normal	A3-20-normal	A5-20-normal	B1-20-normal	B3-20-normal	B5-20-normal	C1-20-normal	C3-20-normal	C5-20-normal	A1-40-normal	A3-40-normal	A5-40-normal	B1-40-normal	B3-40-normal	B5-40-normal	C1-40-normal	C3-40-normal	C5-40-normal	A1-60-normal	A3-60-normal	A5-60-normal	B1-60-normal	B3-60-normal	B5-60-normal	C1-60-normal	C3-60-normal	C5-60-normal	A1-80-normal	A3-80-normal	A5-80-normal	B1-80-normal	B3-80-normal	B5-80-normal	C1-80-normal	C3-80-normal	C5-80-normal	A1-100-normal	A3-100-normal	A5-100-normal	B1-100-normal	B3-100-normal	B5-100-normal	C1-100-normal	C3-100-normal	C5-100-normal
GD_ST_2021_04_15_bin_1	0	0	0	0	0	0	0	0	0	0	0	0	0	0	0	0	0	0	0	0	0	0	0	0	0	0	0	0	0	0	0	0	0	0	0	0	0	0	0	0	0	0	0	0	0
GD_ZH_2021_05_15_bin_2	0	0	0	1.315312737	0.965109482	1.303453072	1.037078698	0	0.995851906	0	0	1.74314259	1.257754181	1.794075198	1.428786941	1.704128462	1.041041318	0	0	1.929628736	2.180488183	2.01722214	1.023974433	0.992990285	0	1.163755052	1.133626651	0.972304363	2.697252901	0	1.740128834	2.740402109	2.851776073	1.331434155	1.766874019	0	1.26766157	0	1.053579759	0	0	1.840295713	0	0	0.97869227
GX_BH_2021_04_15_bin_1	0	0	0	0	0	0	0	0	0	0	0	0	0	0	0	0	0	0	0	0	0	0	0	0	0	0	0	0	0	0	0	0	0	0	0	0	0	0	0	0	0	0	0	0	0
GX_BH_2021_04_15_bin_2	0	0	0	0	0	0	0	0	0	0	0	0	0	0	0	0	0	0	0	0	0	0	0	0	0	0	0	0	0	0	0	0	0	0	0	0	0	0	0	0	0	0	0	0	0
GX_BH_2021_04_15_bin_3	0	0	0	0	0	0	0	0	0	0	0	0	0	0	0	0	0	0	0	0	0	0	0	0	0	0	0	0	0	0	0	0	0	0	0	0	0	0	0	0	0	0	0	0	0
HN_SY_2021_04_15_bin_2	0	0	0	0	0	0	0	0	0	0	0	0	0	0	0	0	0	0	0	0	0	0	0	0	0	0	0	0	0	0	0	0	0	0	0	0	0	0	0	0	0	0	0	0	0
HN_SY_2021_04_15_bin_6	0	0	0	0	0	0	0	0	0	0	0	0	0	0	0	0	0	0	0	0	0	0	0	0	0	0	0	0	0	0	0	0	0	0	0	0	0	0	0	0	0	0	0	0	0
JS_LYG_2021_05_15_bin_2	0	0	0	0	0	0	0	0	0	0	0	0	0	0	0	0	0	0	0	0	0	0	0	0	0	0	0	0	0	0	0	0	0	0	0	0	0	0	0	0	0	0	0	0	0
JS_LYG_2021_05_15_bin_6	0	0	0	0	0	0	0	0	0	0	0	0	0	0	0	0	0	0	0	0	0	0	0	0	0	0	0	0	0	0	0	0	0	0	0	0	0	0	0	0	0	0	0	0	0
JS_YC_2021_05_15_bin_1	0	0	0	0	0	0	0	0	0	0	0	0	0	0	0	0	0	0	0	0	0	0	0	0	0	0	0	0	0	0	0	0	0	0	0	0	0	0	0	0	0	0	0	0	0
SD_DY_2021_06_15_bin_5	0	0	0	0	0	0	0	0	0	0	0	0	0	0	0	0	0	0	0	0	0	0	0	0	0	0	0	0	0	0	0	0	0	0	0	0	0	0	0	0	0	0	0	0	0
SD_QD_2020_06_15_bin_1	0	0	0	0	0	0	0	0	0	0	0	0	0	0	0	0	0	0	0	0	0	0	0	0	0	0	0	0	0	0	0	0	0	0	0	0	0	0	0	0	0	0	0	0	0
SD_QD_2020_06_15_bin_10	0.956682378	3.263893478	1.694142534	2.178594596	2.047873182	4.119400178	3.319247763	1.895204713	1.900097907	2.079418459	1.743669405	3.774804401	2.375451881	3.579465753	3.075892215	5.042366425	4.457414407	3.502764098	2.698260428	5.246886765	4.179435158	5.012674551	4.428485979	1.755003889	3.414422355	4.762698714	3.778656254	2.559431878	4.517891364	2.67535986	5.716850339	3.931794728	4.790794339	1.719459077	4.3049087	2.100301811	1.786980324	2.93964105	1.271020017	1.79146871	1.582631489	1.820106457	1.397787254	2.054952112	2.24810727
SD_QD_2020_06_15_bin_27	0	0	0	0	0	0	0	0	0	0	0	0	0	0	0	0	0	0	0	0	0	0	0	0	0	0	0	0	0	0	0	0	0	0	0	0	0	0	0	0	0	0	0	0	0
SD_QD_2020_06_15_bin_28	0	2.308368518	0	0.839353833	0	2.285471227	3.895119613	0	0	0	0	2.816862256	1.367987891	3.65551265	2.294513747	5.475845131	3.582667204	2.34997765	1.062178287	2.464863361	2.684710923	3.044792742	2.573646063	0	2.735313726	3.194423009	2.888083957	0.987221205	3.288264079	1.27171205	9.628086509	2.249976881	3.43380012	1.389836347	3.495136268	1.855389868	1.339662286	2.856286365	0	0	0	1.308802371	0	1.878286244	1.047617841
SD_QD_2020_06_15_bin_42	0	0	0	0	0	0	0	0	0	0	0	0	0	0	0	0	0	0	0	0	0	0	0	0	0	0	0	0	0	0	0	0	0	0	0	0	0	0	0	0	0	0	0	0	0
SD_QD_2020_06_15_bin_46	0	0	0	0	0	0	0	0	0	0	0	0	0	0	0	0	0	0	0	0	0	0	0	0	0	0	0	0	0	0	0	0	0	0	0	0	0	0	0	0	0	0	0	0	0
SD_QD_2020_06_15_bin_5	0	3.932880898	1.322702766	2.006544061	1.167984102	3.348475927	4.113159107	1.562833305	1.506441339	2.600467678	1.201716221	4.240965666	2.549775539	3.529787232	4.222948522	5.901028912	5.565204953	3.500191132	3.531018256	6.807422202	4.828691662	5.778311409	4.801308349	1.341417153	4.921040217	5.617559749	3.623964296	2.825114871	6.734960758	3.95840566	8.799321247	4.394464642	4.891524932	2.616604295	5.021020636	3.295492786	2.743103759	4.306558748	1.339006288	1.491445833	0.989266094	1.865150938	1.265274672	3.092317491	2.194973456
SD_QD_2020_06_15_bin_8	0	1.363316768	1.545162634	1.686255637	1.038946621	1.852196357	2.095189847	1.386114812	1.240151417	0.915987279	0	1.743078643	1.605907991	2.386884747	1.684539659	3.443947774	2.217689131	0.907226622	1.211125311	2.744911137	1.559217817	3.053068682	2.003575707	1.098025467	1.514779659	2.218216483	1.57516455	0.791167994	2.44654567	1.165370507	5.496856147	2.136288797	2.44762066	1.797248889	1.932817038	0	1.210885505	1.105998644	0.989800869	0	0	1.195758592	0	0.902728916	1.194340679
SD_QD_2020_08_15_bin_2	25.63603406	2.973860074	0	4.81759534	1.152706309	3.160972099	3.096533148	0	0	0	2.752168411	11.4544109	2.67745857	5.732895812	7.611790061	3.591485574	8.036149309	4.887462737	0	3.778716168	3.617637405	3.935573669	3.461669347	1.063362244	4.378476315	6.101622031	5.135410066	0	6.157316135	3.828000195	6.660683463	3.715461142	3.724454423	0	2.421962538	2.166692678	0	7.426049292	0	9.217391475	0	1.2190511	0	0.901368717	0.992995479
SD_QD_2020_10_15_bin_4	0.906059432	2.768828479	0	1.847650923	0.97246462	1.764339451	1.814346899	1.292754892	0.893680269	0	1.440209027	6.26545893	2.420434843	1.853496855	3.47581557	4.271712615	10.21709894	2.241843072	0.921727817	3.681570467	3.629837451	8.491769489	5.331821014	1.36393185	5.193980606	5.011760428	2.576181252	0.882502173	5.445946091	1.606299102	3.128523564	3.316974993	2.865806153	2.143910686	3.880783039	1.664534291	0	3.977984106	0	1.255310639	0	1.116640715	3.636721266	2.411661329	1.376316424
SD_QD_2020_10_15_bin_7	0	1.347164851	0	0	0	1.165080661	0	0	0	0	0	2.705151043	1.757309486	1.174256805	3.084382856	2.973765566	4.483719191	1.761769258	2.947520548	3.358366581	7.277072157	5.165813584	6.545739045	0	3.698415133	4.719875009	2.069251488	2.842394915	6.167831936	1.645992952	1.721811008	6.595662531	4.399940447	1.786714127	5.751874062	2.274017202	1.380342152	3.146233885	1.989949432	0	0	1.348052028	0	2.414941374	1.128684404
SD_QD_2020_12_15_bin_3	1.520931383	2.614269517	1.344826717	3.303098509	2.174581901	4.618499193	4.244108982	3.38928274	2.163893818	0.95238859	3.3564881	7.405789932	3.033530353	3.433438488	5.194180096	5.465637118	9.656966123	4.187032685	2.176349329	4.333465341	7.37044115	6.084941885	4.842828033	2.608605133	4.773906933	6.350240871	5.391392241	5.380888848	9.192381161	2.677951745	4.422795588	5.290408428	7.111266366	7.251597614	6.873837524	3.215104516	3.967940683	5.359186714	2.596695722	2.434899495	0.863097151	3.623764182	5.296317791	3.421081165	3.32577978
SD_QD_2020_12_15_bin_7	2.296761718	1.266617764	0	1.421866696	0.86145833	1.205231799	1.151606111	0	0	0	1.009931565	3.140581796	1.437107309	1.548147338	2.75609187	2.194836126	4.442867294	1.583934414	1.211948668	2.791466886	2.588129758	2.997282018	2.853298761	1.009098799	1.865170946	3.145606566	1.565430209	0.811614	3.03504507	0	2.092467632	2.273424233	2.655119591	0.93568975	2.985737366	0.879274358	0	1.865801673	0	1.754520585	0	0	0	1.422871621	0
SD_QD_2023_07_100_ultra_bin_12	2.578527101	11.73155377	11.04326997	10.01342225	8.870124808	13.47420473	17.28113618	10.17285584	12.3770703	7.243659524	11.44836256	20.41427726	10.65845354	15.60007882	13.42730912	23.83063881	26.14419509	10.19765561	10.44157581	15.475245	14.48873121	23.56100431	15.24398243	7.958360302	14.99006454	17.66920931	13.19651573	5.670203729	15.02248551	8.599399407	17.95560511	12.79661549	13.06041797	8.813331332	11.52178524	5.545158162	4.824876604	9.876621716	5.944329637	8.719777362	6.675271478	4.841769669	8.52619989	7.44409291	5.790244202
SD_QD_2023_07_20_normal_bin_4	12.2430201	3.361691093	10.1920154	8.337364242	7.858838037	5.987601646	5.963087721	7.956850162	10.33493853	1.602876744	9.961517104	5.360482657	4.521326221	6.91679421	2.403563366	3.968013248	4.83642359	4.28539329	0	1.270369965	1.981402719	2.886441741	3.151292801	9.889826909	1.7030741	1.422359656	5.664825001	0	1.374333234	2.37695951	4.390098062	1.124025485	2.432790534	2.102579315	0.950049109	0.837119327	0	1.389220903	4.738126095	7.809176759	4.153970024	3.144298804	4.401114167	1.912559966	3.364440225
SD_QD_2023_07_40_normal_bin_12	4.996609472	5.505160177	9.427214156	6.870327016	6.673491997	6.617144577	7.643579837	6.575104147	5.251079006	3.982074076	7.401646283	9.43868427	7.491842957	7.879933814	8.874716407	9.698778	17.68660511	5.684816652	7.057184393	10.54703491	7.561561041	12.17362039	8.972384071	6.21580577	9.303884965	10.20879405	6.249810046	3.204747033	10.46274554	6.336235642	6.064380432	9.140682606	7.02710006	5.054266046	8.078895889	4.584537213	2.877817564	7.391048806	3.990889531	6.250688478	3.431558853	3.888344169	4.189950086	5.675385543	4.626460424
SD_QD_2023_07_40_ultra_bin_1	3.747053438	24.39736945	6.135039044	8.807927099	7.88653808	23.19645694	21.58186423	7.361871418	6.275645129	22.08529343	5.784602493	22.776327	11.8142489	23.60029762	21.21748072	33.88392081	25.73199186	16.56353614	17.06542755	29.29120968	21.35403831	27.05271506	21.35085153	8.086664372	17.74815411	21.19371386	19.26884423	8.703267929	23.40611568	11.1969388	51.33959626	22.34545535	22.20879347	13.94049949	17.78569154	14.26380571	18.57820086	11.38490114	7.989855316	8.686618888	8.070299652	16.44205912	6.053267133	9.452954213	11.31884823
SD_QD_2023_07_40_ultra_bin_10	0.934534292	6.471189728	3.432337685	4.919127875	3.265095012	7.449666441	8.227859459	3.34667823	3.261673389	5.984139837	3.426241003	8.228423906	5.478215791	9.038085511	9.201133716	12.57149197	8.129467789	6.171919758	5.18820314	10.95007034	7.598068989	12.17250917	9.869571221	4.060243538	7.609620096	10.47973667	7.268855195	3.211240642	10.72125163	5.562513794	18.41526215	9.503310395	9.5645754	6.83606037	8.873114994	3.387859511	5.049452753	7.764803873	3.339369014	4.424828283	2.216856621	5.263027144	3.503313686	5.150253518	4.74742717
SD_QD_2023_07_40_ultra_bin_11	8.140302567	15.86637081	22.74639678	16.80648887	18.35378849	22.70800689	27.33268795	19.96250322	19.63888144	11.90631645	17.1359465	18.06513111	15.99179058	22.46970084	13.59761224	25.58136639	29.77338686	13.51978708	6.25550742	11.71799294	10.80270829	16.31353052	12.93999581	17.41185219	13.54238683	12.69864681	17.64733883	3.07751213	11.7617849	11.41494802	28.83963141	9.546560165	13.56927573	11.26259495	12.24827216	7.062322483	4.658465299	10.182789	12.50868031	13.42414574	14.12814352	9.992246355	19.69399268	11.51725821	11.91966005
SD_QD_2023_07_60_normal_bin_21	0	4.245494828	8.575686185	8.384221193	11.4240467	9.748921351	9.699556299	7.764707584	11.52354036	2.848285777	11.0095111	10.18564345	5.697840508	8.893664991	5.788150336	5.211877678	10.06299846	4.196520556	6.621326125	12.13981746	5.823242313	10.14135143	6.874953796	9.362817565	6.956086239	6.963144968	5.318341391	2.210481732	4.16474819	4.971739671	5.018257378	4.298550098	3.847386954	2.890694717	2.758880729	2.814111618	1.712720702	1.070707516	2.628290362	11.96541204	4.560967853	1.386022415	4.586881802	2.30414939	3.035633379
SD_QD_2023_07_60_ultra_bin_18	2.164970961	6.387001146	5.487688296	4.827824286	4.798446602	6.907150047	5.80458954	4.488037045	4.7567702	5.817581466	7.654486632	7.217745007	5.162205171	7.226312134	6.869085691	7.896875229	13.2458798	5.323588541	10.00474007	10.14858627	5.62849273	9.83593547	6.754794603	4.711602793	7.963115012	8.308567127	6.237296392	4.257861651	8.589842241	4.325117237	7.102300333	6.791540567	6.530483992	3.863540964	6.866868158	3.278794798	3.141676837	4.798797196	3.078604381	4.493758213	2.769817047	2.498172889	3.400531135	4.784424461	3.190045402
SD_QD_2023_07_60_ultra_bin_19	0	3.881493394	2.748050033	4.759648654	3.050354745	5.572191515	8.882457913	5.192576601	3.369689954	0	4.492481717	5.665994835	3.363008605	7.094524956	6.935433492	14.83737907	14.76151526	5.609785998	2.26937196	8.247670048	7.656099694	10.6555888	8.629113879	3.561503519	10.45771771	11.37114397	7.967268561	3.043306606	9.823722182	4.538592606	8.200505332	7.552977037	7.916159803	6.409669847	8.230177111	3.590737741	2.140088932	6.092653399	1.462911457	4.531321992	2.109484175	3.236313068	10.68748311	4.983244659	3.323146162
SD_QD_2023_07_60_ultra_bin_2	0	3.15837088	0	1.499725149	0	2.234704387	1.565186277	0.977424503	0	1.232751987	0.880802416	9.732825743	4.359892408	2.546239609	5.67397867	7.872300769	14.45723081	2.456991558	6.899292691	9.712911087	7.239926802	14.47786381	9.991585017	0	8.292024906	9.290724147	2.715430099	3.063394211	10.68581488	3.99474697	4.318910056	7.748823891	6.380972904	3.262628734	7.287461296	2.851066945	1.933792091	6.53710482	1.636378013	0.905740936	0	2.682510525	0.953803277	4.00228445	2.027791681
SD_QD_2023_07_60_ultra_bin_3	0	4.135473662	1.798480339	2.073484733	1.706991982	4.94263352	2.833236236	1.549705105	1.95862083	2.693080227	1.462708377	5.322686884	4.093869153	5.789977268	11.5276234	6.896098459	7.935514535	8.292787024	4.367986732	13.06632579	11.97534022	8.936939618	8.792069784	1.84351342	7.881291486	11.32007201	7.010399274	6.560806923	17.23567581	7.522998369	5.962675991	16.33211306	11.33255188	4.515687612	11.916519	8.594326875	4.230475955	6.727547812	2.401349679	2.602965725	1.952059429	3.747683913	1.191140087	4.641684112	4.613533678
SD_QD_2023_07_80_normal_bin_3	0	1.988098595	0	0.947931354	0	1.535594412	1.217115756	0	0	0	0.872888248	5.610691508	2.450475754	2.082681592	3.500572065	5.428070514	9.268048885	1.826797702	3.878196445	4.739035572	5.085273633	7.708540034	5.190107594	0	5.772729862	5.858313352	2.164579344	2.504791679	7.169962406	2.414108245	3.14362609	4.847285035	4.422820644	3.183376401	5.834035506	2.143934932	1.242219438	3.875289717	1.144040611	0	0	1.026135066	1.143067887	2.970379057	1.192098905
SD_QD_2023_07_80_normal_bin_5	1.063440347	3.879395763	1.301995098	2.433003785	1.756829354	4.108882946	4.925913152	1.962579624	1.810175731	2.503297644	1.886422599	4.923811568	2.99407049	4.655830675	5.823861324	7.164038783	6.181615376	4.809992681	2.772645252	6.490151477	4.737534148	6.201213294	6.102556862	2.029556681	5.353340329	6.995611655	5.120426674	2.300563368	6.953579659	4.099486115	10.12147968	5.718653146	6.443559544	3.432264395	6.66363427	4.06006109	2.133658999	4.414549675	1.332607113	2.550389448	1.55376162	2.895231672	2.142993074	3.650212927	3.16106213
SD_QD_2023_07_80_ultra_bin_11	0	1.176417351	0	0.697580554	0	1.311980474	1.113001585	0	0	0	0	3.600518984	2.163392456	2.100572831	4.578640531	3.525625951	3.293438184	2.46620419	1.221301971	5.948521425	4.969111102	6.280358595	5.049143735	0	4.739024489	8.01984554	2.068188521	0.944079246	5.40094322	3.377466551	3.140319303	6.651332053	5.135423131	2.511010569	6.686350186	2.259301199	1.258334623	3.300435713	0.926140877	0	0	2.615635212	0	1.324859937	2.192166217
ZJ_NB_2021_05_15_bin_14	0	0	0	0	0	0	0	0	0	0	0	0	0	0	0	0	0	0	0	0	0	0	0	0	0	0	0	0	0	0	0	0	0	0	0	0	0	0	0	0	0	0	0	0	0
ZJ_NB_2021_05_15_bin_2	0	0	0	0	0	0	0	0	0	0	0	0	0	0	0	0	0	0	0	0	0	0	0	0	0	0	0	0	0	0	0	0	0	0	0	0	0	0	0	0	0	0	0	0	0
ZJ_NB_2021_05_15_bin_21	0	0	0	0	0	0	0	0	0	0	0	0	0	0	0	0	0	0	0	0	0	0	0	0	0	0	0	0	0	0	0	0	0	0	0	0	0	0	0	0	0	0	0	0	0
ZJ_NB_2021_05_15_bin_8	0	0	0	0	0	0	0	0	0	0	0	0	0	0	0	0	0	0	0	0	0	0	0	0	0	0	0	0	0	0	0	0	0	0	0	0	0	0	0	0	0	0	0	0	0
ZJ_WZ_2021_05_15_bin_1	0	0	0	0	0	0	0	0	0	0	0	0	0	0	0	0	0	0	0	0	0	0	0	0	0	0	0	0	0	0	0	0	0	0	0	0	0	0	0	0	0	0	0	0	0
ZJ_WZ_2021_05_15_bin_12	0	0	0	0	0	0	0	0	0	0	0	0	0	0	0	0	0	0	0	0	0	0	0	0	0	0	0	0	0	0	0	0	0	0	0	0	0	0	0	0	0	0	0	0	0
ZJ_WZ_2021_05_15_bin_13	0	0	0	0	0	0	0	0	0	0	0	0	0	0	0	0	0	0	0	0.841836421	0	0	0	0	0	0	0	0	0	0	0	0.99182891	0	0	0	0	0	0	0	0	0	0	0	0	0
ZJ_WZ_2021_05_15_bin_15	0	1.879434508	0.910566953	1.189250886	1.109029669	2.945993099	4.178706327	1.025791117	0.995488375	0.976985686	0	2.831100409	1.201872189	3.341678772	1.393497486	4.979946739	3.721392331	1.353759549	0	1.523628009	1.508860342	2.940543695	1.217267692	1.086790464	1.333338022	1.587206751	2.398833938	0	1.96376154	0	7.49003549	1.1937401	2.462448822	1.117275546	2.035944561	0	0	1.201011526	0	1.02185591	0	0	0	0	0.898937297
ZJ_WZ_2021_05_15_bin_5	0	0	1.254140021	1.624047791	1.415213291	1.155470648	0	1.345848425	1.675812632	0	0	0.981671198	1.189490528	1.035490679	0	0	0.980284745	0	0	1.306308795	1.267218764	1.36251813	0.853327849	1.623856682	0	0	0.809247572	0	1.798696885	0	0	1.363944236	1.6516858	1.022491124	1.029677183	0	0	0	1.440189985	1.095154459	0	1.52861451	0	0	0.960032286
JS_YC_2021_05_15_bin_10	0	0	0	0	0	0	0	0	0	0	0	0	0	0	0	0	0	0	0	0	0	0	0	0	0	0	0	0	0	0	0	0	0	0	0	0	0	0	0	0	0	0	0	0	0
JS_YC_2021_05_15_bin_4	0	0	0	0	0	0	0	0	0	0	0	0	0	0	0	0	0	0	0	0	0	0	0	0	0	0	0	0	0	0	0	0	0	0	0	0	0	0	0	0	0	0	0	0	0
SD_QD_2023_07_40_normal_bin_17	1.725797132	7.000292325	1.058956451	2.210982353	1.851015194	8.559601215	4.61599654	1.778914589	1.18751302	5.144296927	3.475715876	6.546947811	4.403723776	7.033575656	11.77468787	11.29747687	9.197037956	6.748646621	7.635584919	9.788684916	6.314210152	11.80191371	6.988677739	1.622535876	7.233896369	10.41296836	7.221524287	6.410159327	10.71185459	4.657436902	12.68940448	7.764611596	9.392357608	7.035583414	8.817022264	4.458720723	3.703207086	8.646013423	1.617595162	2.798817149	1.952179137	2.510576231	2.16993503	4.68457634	3.690244121
SD_QD_2023_07_40_ultra_bin_9	0	6.040825753	0	1.113925347	1.346389311	8.489414969	8.756304379	0	0	3.825218893	0.966951008	9.781291382	1.610922968	11.87599129	4.860859406	11.97254384	3.430738668	3.934473136	1.051761839	3.447980632	3.69122135	4.519876413	2.576377523	0	1.448883086	2.721261	6.450168416	0.881529442	3.212734495	1.016547581	19.59641001	2.022347527	3.816207005	1.517826195	2.306323376	1.181915651	0	2.3525331	0	1.997363189	0	0	0	1.083437601	0
GD_ZH_2021_05_15_bin_3	0	0	0	0	0	0	0	0	0	0	0	0	0	0	0	0	0	0	0	0	0	0	0	0	0	0	0	0	0	0	0	0	0	0	0	0	0	0	0	0	0	0	0	0	0
SD_QD_2020_06_15_bin_14	1.16890254	4.473152352	3.539505854	4.602301502	3.762068206	6.361859761	6.401122032	3.660616911	3.244622142	4.056460002	4.825559798	5.576464391	4.823913372	5.223122346	6.295610033	6.981834626	3.566830533	3.941288472	4.898005268	7.557330108	4.839172293	7.343682515	4.418302183	3.986775843	4.033007905	4.698911914	4.422856276	4.095368807	7.231989707	5.277062047	7.982774577	5.013850406	5.155800761	4.836739759	4.831495056	3.550914405	3.312379053	5.511580622	3.052644368	3.514805442	3.338807932	3.038107145	3.667622466	4.640993276	3.148314345
SD_QD_2020_06_15_bin_26	0	3.551852484	0	1.494872196	1.218744695	6.051077717	5.40443541	1.165104501	0.97437141	3.435576201	0.964698551	4.369758685	1.155164323	5.237281647	3.279594312	6.825730803	2.422535335	3.094031794	0	1.018970974	1.465259744	2.202180891	1.511780305	0.938206165	0	1.051521617	3.864565581	0	1.209139618	0	10.85348548	1.427453245	3.20906594	0.874149688	1.549507988	0	0	0	0	1.620659426	0.865879713	0.886521397	0	0	0.933856981
SD_QD_2020_08_15_bin_3	4.087703085	1.037795471	0	0	1.749588898	2.747263571	0	0	0	6.927639472	2.544715222	0	0	0	0	0	0	0.884929102	2.100857832	0	0	0	0	1.785412123	0	0	1.768932882	2.146449894	0	0	0	0	0	0	0	0	6.753760509	0	0	0	0	0	0	0	0.887779587
ZJ_WZ_2021_05_15_bin_11	0	0	0	0	0	0	0	0	0	0	0	0	0	0	0	0	0	0	0	0	0	0	0	0	0	0	0	0	0	0	0	0	0	0	0	0	0	0	0	0	0	0	0	0	0
JS_LYG_2021_05_15_bin_1	0	0	0	0	0	0	0	0	0	0	0	0	0	0	0	0	0	0	0	0	0	0	0	0	0	0	0	0	0	0	0	0	0	0	0	0	0	0	0	0	0	0	0	0	0
JS_YC_2021_05_15_bin_12	0	0	0	0	0	0	0	0	0	0	0	0	0	0	0	0	0	0	0	0	0	0	0	0	0	0	0	0	0	0	0	0	0	0	0	0	0	0	0	0	0	0	0	0	0
JS_YC_2021_05_15_bin_5	0	0	0	0	0	0	0	0	0	0	0	0	0	0	0	0	0	0	0	0	0	0	0	0	0	0	0	0	0	0	0	0	0	0	0	0	0	0	0	0	0	0	0	0	0
LN_DD_2021_06_15_bin_5	0	0	0	0	0	0	0	0	0	0	0	0	0	0	0	0	0	0	0	0	0	0	0	0	0	0	0	0	0	0	0	0	0	0	0	0	0	0	0	0	0	0	0	0	0
LN_DD_2021_06_15_bin_6	0	0	0	0	0	0	0	0	0	0	0	0	0	0	0	0	0	0	0	0	0	0	0	0	0	0	0	0	0	0	0	0	0	0	0	0	0	0	0	0	0	0	0	0	0
LN_DD_2021_06_15_bin_8	0	0	0	0	0	0	0	0	0	0	0	0	0	0	0	0	0	0	0	0	0	0	0	0	0	0	0	0	0	0	0	0	0	0	0	0	0	0	0	0	0	0	0	0	0
LN_DD_2021_06_15_bin_9	0	0	0	0	0	0	0	0	0	0	0	0	0	0	0	0	0	0	0	0	0	0	0	0	0	0	0	0	0	0	0	0	0	0	0	0	0	0	0	0	0	0	0	0	0
SD_DY_2021_06_15_bin_6	0	0	0	0	0	0	0	0	0	0	0	0	0	0	0	0	0	0	0	0	0	0	0	0	0	0	0	0	0	0	0	0	0	0	0	0	0	0	0	0	0	0	0	0	0
SD_QD_2020_06_15_bin_11	0	0	0	0	0	0	0	0	0	0	0	0	0	0	0	0	0	0	0	0	0	0	0	0	0	0	0	0	0	0	0	0	0	0	0	0	0	0	0	0	0	0	0	0	0
SD_QD_2020_06_15_bin_12	0	1.305614411	2.86487682	2.216797127	2.890655537	2.370655849	2.510027377	3.350196212	2.685229725	1.015785239	1.376636226	1.936626621	1.985974161	2.078499511	1.231679503	2.777176782	1.645695718	0.990055426	1.05375324	1.555941865	1.212920384	2.021635111	1.069548785	2.596772287	0	1.204424034	1.53448501	0.822668001	2.052372147	0	3.612550684	1.376406965	2.267048535	0	1.150168773	0.728014791	0	0	1.250766854	0	0.95639958	0	1.244547755	0	0.826044914
SD_QD_2020_06_15_bin_20	0	2.608215257	1.095421188	1.297485354	1.349424807	3.695247294	3.153485276	1.833580709	1.132449205	1.502451051	0.87245375	5.182038843	2.753520023	3.801206672	5.230338118	6.266075618	3.499029347	3.873278461	2.143681463	5.96130235	5.24008364	7.947040937	4.012976386	1.374728689	6.325134275	7.306159106	4.291976352	1.000931744	5.809303062	2.89127187	4.36119282	6.605995784	5.511586014	3.878320807	6.970974428	1.966288943	1.456534373	4.19065819	1.131967021	1.348684157	0	1.921793411	1.261018156	2.626780359	2.862234644
SD_QD_2020_06_15_bin_23	0	0	0	0.766620714	0	0	0	0	0.863069327	0	0	0	0	0	0	0	0	0	0	0	0	0	0	0	0	0	0	0	0	0	0	0	0	0	0	0	0	0	0	0	1.125803223	0	0.977217126	0	0
SD_QD_2020_06_15_bin_29	0	0	0	0	0	0	0	0	0	0	0	0	0	0	0	0	0	0	0	0	0	0	0	0	0	0	0	0	0	0	1.445424631	0	0	0	0	0	0	0	0	0	0	0	0	0	0
SD_QD_2020_06_15_bin_35	1.077281077	4.652069663	2.267151786	3.974799663	4.497485103	10.96595949	7.821546085	4.467657178	1.730515469	3.834237896	3.639997437	6.370613512	3.856282887	12.61334506	7.19235799	11.31545496	10.14099381	6.962419917	2.918409782	4.733553018	2.790045886	6.140356046	4.220007318	3.084736633	3.183663427	5.018493263	6.102611088	4.396786451	3.678935889	2.47049057	7.310015697	4.007186612	6.253230548	3.090866873	4.882156308	1.322366816	2.131140626	2.766834343	1.815527745	6.030233804	2.541012011	2.05925264	2.299730655	2.824627146	3.199729917
SD_QD_2020_06_15_bin_37	0	0	0	0	0	0	0	0	0	0	0	0	0	0	0	0	0	0	0	0	0	0	0	0	0	0	0	0	0	0	0	0	0	0	0	0	0	0	0	0	0	0	0	0	0
SD_QD_2020_06_15_bin_38	2.292591919	7.368453039	3.946540522	5.10239287	3.615823527	8.742312241	9.898817743	4.492175453	4.844120192	5.513678862	4.954185061	9.908485505	7.336183039	7.931160735	14.75593182	13.09335793	10.21759777	10.13963816	7.797145631	15.02067761	11.39704622	12.78418729	9.885682367	4.628464478	10.83373649	14.97433392	9.775055909	7.477318454	14.68938674	8.972218437	15.31373522	12.34226039	14.0327327	10.10849564	13.4531638	6.995711695	7.162850925	8.891876263	4.110095142	4.603892768	4.266015678	9.142357173	5.353439732	5.400360593	8.170912922
SD_QD_2020_06_15_bin_40	0	0	0	0.778749662	0.972885936	0	0	1.139051153	0	0	0	0	0.865356982	0	0	0	0	0	1.122769785	0	0	0	0	0	0	0	0	0	0	0	0	0	0	0	0	0	0	0	0	0	0.86524456	0	0	0	0
SD_QD_2020_06_15_bin_44	2.333461343	4.743171206	2.813790226	3.715007155	3.490561014	6.917861778	3.426514116	3.323577907	3.773628492	2.90048682	2.522463558	3.169343286	3.543188263	5.357487595	5.492597368	5.141875156	4.269299484	5.514165984	2.167225816	3.880773011	1.974032347	3.833165199	3.791695952	3.339568386	1.905545325	3.531727045	5.011728326	1.538175911	3.121599536	2.706295711	6.018004275	3.154818452	5.056509748	1.776789059	3.187163872	2.317527995	1.21132416	1.976464965	1.992820043	3.931901402	3.669401505	2.881310812	2.047700711	1.53257605	3.19595311
SD_QD_2020_06_15_bin_6	0	0	0	0.811535483	1.111698682	1.256367482	0	0	0	0	0	0	0	0.998043322	0	0	0	0	0	0	0	0	0	0	0	0	0	0	0	0	0	0	0	0	0	0	0	0	0	0	0	0	0	0	0
SD_QD_2020_06_15_bin_7	0	0	1.526418617	2.142321971	2.462036883	2.159445691	1.989811958	2.906442334	2.843103402	1.191868835	0	1.69684253	1.808097381	1.482126188	0.979718068	1.775641812	0	0.986699923	0	0.976492409	0	0.944273403	0	2.563249372	0	0	1.225271531	0	0	0	2.666409832	0	1.72296457	0	0	0	0	0	1.390773912	1.809395701	1.659671721	1.252004892	1.273831289	0	1.217043756
SD_QD_2020_12_15_bin_6	1.46867175	0	1.010994641	1.212906581	1.54953654	1.291700225	0	0.915113188	1.367280285	0	0.87380255	0	0	1.037811034	0	0	0	0	0	0	0	0	0	1.246901575	0	0	1.445405042	0	0	0	0	0	0	0	0	0	0	0	0	1.091725855	0	0	0	0	0
SD_QD_2021_02_15_bin_4	0	0	0	0	0	0	0	0	0	0	0	0	0	0	0	0	0	0	0	0	0	0	0	0	0	0	0	0	0	0	0	0	0	0	0	0	0	0	0	0	0	0	0	0	0
SD_QD_2021_02_15_bin_5	0	0	0	0	0	0	0	0	0	0	0	0	0	0	0	0	0	0	0	0	0	0	0	0	0	0	0	0	0	0	0	0	0	0	0	0	0	0	0	0	0	0	0	0	0
SD_QD_2023_07_100_ultra_bin_1	0	2.222130116	0	1.295840762	1.017603056	2.66866248	1.658409929	0.956460924	0	1.641828502	1.530858008	2.235592556	1.747434412	2.884574805	4.78957547	4.148487859	3.775132463	1.985830864	3.092805851	3.760526413	3.062955781	4.367455947	2.72433457	1.051959026	2.2780151	3.080516393	2.407146112	2.43900165	4.403555693	1.717559425	4.733327482	2.518486698	3.740054079	2.502537321	3.271195219	1.683678786	0.991105621	3.450552046	0	1.234893285	0.95279442	0.981460611	1.407972743	1.913941504	1.380234748
SD_QD_2023_07_100_ultra_bin_3	0	1.094509149	1.994864597	1.921368039	3.253772006	1.790510246	1.618121942	1.717457361	1.795016036	1.075984373	0	2.359852484	1.383790123	2.168187892	1.198510295	1.664433604	2.377810158	0	0	0.984892095	1.004416706	1.542863976	0	1.540157582	0	0	1.253525149	0	0	0	2.337610923	0	1.223422829	0.987516397	1.031651163	0	0	0	1.152843631	1.165529998	1.547537143	0	0.952077896	0	0
SD_QD_2023_07_40_ultra_bin_12	8.650404163	13.12800927	5.726107975	7.209168886	6.389966248	20.43313372	31.0188682	5.490665317	4.265448396	13.15996737	9.277376949	16.04686649	5.595169912	23.59816366	13.28639297	24.4075556	11.30550419	12.93562038	6.100288507	10.65868121	5.809789564	11.24507695	6.060304275	6.464700316	6.578341903	5.554939959	16.83368505	2.435631358	8.155251329	5.567452741	44.44085646	4.477086468	9.962187039	7.215564068	4.709404175	2.634059618	3.928730016	7.073018058	2.867928285	11.62328398	4.390104813	4.712329035	4.618241951	3.954690443	4.616362521
SD_QD_2023_07_40_ultra_bin_16	0	1.016916057	1.026902826	0.838967842	1.180879655	2.14091077	1.362593415	1.105095541	0	0	0	1.566894561	1.206349933	1.97805943	1.68545229	1.944991325	1.513870843	0	1.227248406	1.505596464	1.209508347	1.984142108	1.016410306	0	0	1.647167023	1.193633317	0	1.506503394	0	3.076009907	1.305105784	2.374793711	0	1.332526974	0	0	0	0	0.935221238	0	0	0	0	0.807646605
SD_QD_2023_07_40_ultra_bin_3	0	2.016654119	1.202090775	1.841630904	1.303079493	3.444690703	1.858610113	1.361679052	1.22573801	1.582883564	1.799684431	2.012983614	2.852800835	2.676674461	4.796240171	3.370731974	3.536413151	2.819471554	3.130083063	3.896288776	3.282754459	4.203199803	2.506406777	1.439755525	2.370381876	3.653776167	2.553364619	3.033290035	4.958681589	2.406628429	3.34660411	3.826656341	3.525446557	3.384219483	3.850781108	1.60434974	1.961441364	3.304752084	1.231756037	2.046565927	1.161614173	2.357293232	0.893102796	2.24631363	2.124279882
SD_QD_2023_07_60_normal_bin_5	0	2.750550811	0	1.296174974	1.518023369	4.201595557	2.895047628	1.02671267	1.054843741	2.445641548	1.280046846	3.872933212	2.371532828	3.667458048	5.63705415	5.633462986	3.836426765	3.397393445	3.720812712	5.492369633	4.419775345	7.295594793	4.154232892	1.161310127	4.920303288	6.542983833	4.10063825	2.613625341	4.923641904	2.608479371	5.755682035	4.692158326	4.884124636	3.832809867	5.089566528	2.139082582	1.372035794	4.108142831	1.113016656	1.60746203	1.003758792	1.417823432	0.921707662	2.776072277	2.324191514
SD_QD_2023_07_60_ultra_bin_7	1.272766852	5.298177928	2.002301076	3.094403855	2.568370807	7.286267912	8.166380297	2.642074625	2.67108124	4.244914298	3.705670743	8.054999343	5.622862788	6.819110393	11.51178684	11.41682182	7.497346297	6.638473867	6.480409756	11.25136066	9.357783208	10.2009483	8.346250666	3.183874719	7.46116118	9.521558998	8.044990218	6.0805268	11.14810622	5.214263761	11.95271661	9.698593257	10.26483623	5.934699825	9.962268375	2.904282774	4.157762257	4.827466224	2.467771681	3.252581721	2.535116286	4.075986865	1.664933653	3.252282977	4.567643133
SD_QD_2023_07_80_normal_bin_13	0	3.224931964	1.636041918	2.033952929	1.78420853	4.423157181	4.286149984	1.701024628	2.088072993	3.463606282	2.539869018	4.720887398	4.051998369	3.731661651	7.650134017	6.112372123	5.630397751	5.158744782	4.107268332	7.904546548	5.415874067	6.589619154	5.074087369	2.064008664	5.322553991	6.809589213	4.974268288	3.960579654	7.749885554	4.580116909	7.69860053	6.642778222	6.91665932	5.19462043	6.958716604	3.447860597	3.258179952	4.31266681	1.990241996	2.066105712	1.710710962	3.842589887	2.259515788	2.979433002	3.682415361
SD_QD_2023_07_80_normal_bin_14	1.00466972	5.365568601	1.944706214	2.794968864	2.269900537	7.135878279	7.945818133	2.594415751	2.727423227	3.737218727	3.193194089	7.947740035	5.211888683	6.392399378	10.86481112	10.81051877	7.219318875	6.701107696	6.184038436	10.9804958	8.082502072	9.541851166	7.506722784	2.902454195	6.808781239	10.36277775	7.581511737	5.4436746	10.71878585	5.47042267	12.22593559	9.552227877	9.62923512	6.153056295	9.967051066	2.890668509	3.853165095	4.228212287	2.51974186	2.648638102	2.022491651	3.841984188	2.012500932	3.141369937	4.126358011
SD_QD_2023_07_80_normal_bin_18	0	2.228567863	1.177579439	1.546402364	0.852349741	2.94793195	3.137074763	1.408624515	1.162221699	1.950922041	1.180848749	2.813142794	2.369561421	2.760370087	4.472898035	4.8147232	3.990133323	3.158448543	1.993848045	3.827759834	3.503469202	4.41234004	3.241750919	1.202358297	3.686936109	4.143342423	2.513461691	2.764194227	5.172205175	2.805135574	5.47658336	4.36348888	4.778073843	3.511577408	4.74759578	2.230278636	1.807861909	2.656641694	1.082727088	1.11779359	1.119016749	1.748927759	1.319170414	1.619363108	2.242550929
SD_QD_2023_07_80_ultra_bin_14	0.907883723	1.798848392	1.273490915	1.627469782	1.422516171	3.350213515	1.946748571	1.552081978	1.564476125	1.454975293	1.27646016	5.291607021	2.720394364	2.813057749	6.0007353	4.852829633	4.232583341	3.941699353	3.758195864	7.75808656	4.712730076	7.847122583	3.79112718	1.666299148	3.165992247	6.423670529	3.558722384	2.056345352	6.380689392	2.709105604	3.977526038	5.942168816	6.226242638	3.17537499	5.26062755	0.814792954	1.65053643	2.116707172	1.259710571	1.758048391	0.903303773	2.57449398	0	0.923842194	1.782502172
SD_QD_2023_07_80_ultra_bin_15	0	2.747418743	1.099884354	1.682599303	1.456322994	4.36237543	1.692611127	1.479447542	1.316896335	1.714028018	2.578531674	2.218317952	2.544891868	2.543827387	4.641379698	3.467182063	3.256821671	2.660844444	2.974354862	4.636314954	2.482763465	4.443616104	2.975465922	1.449191517	3.563878151	3.846562473	2.625475162	2.907658461	4.414927547	2.987047109	3.808159849	4.00524789	4.950925485	3.168233585	3.655534713	1.886237763	1.810333281	3.31502086	1.279834672	2.019887151	1.528266818	1.874291085	0	2.281065266	2.183603712
SD_QD_2023_07_80_ultra_bin_21	0	0	0	0.883002019	0	1.393907851	1.404181174	0	0	0	0	1.77118335	1.472580319	1.524582071	3.421251933	2.597811087	1.544662217	1.807690542	1.322770338	2.770877669	2.188167824	2.752123384	2.820786463	0	1.932015179	3.193124039	1.929706234	1.314876041	2.574127068	1.69009605	2.658166924	3.345511626	3.08382973	2.297043456	3.575928785	0.817202499	0.973998218	1.907944226	0	0	0	0	0	0.928295218	1.523593439
SD_QD_2023_07_80_ultra_bin_3	0	1.476135601	0	0.755419086	0	2.383250223	2.496720211	0	0	1.419211735	0	3.936648884	1.294498336	2.355435545	3.250987169	4.577863856	1.397997523	2.005283062	2.499090523	5.51291017	5.295489812	4.610614624	2.948039598	0	2.559160355	4.99771428	2.47166727	1.759549325	4.155622809	1.521924339	4.161368305	5.205312088	5.411781467	2.495875278	3.946904863	0.892829281	1.396550486	1.629807456	0.944525839	0	0	1.445496793	0	0	1.104180492
SD_QD_2023_07_80_ultra_bin_7	0	2.538302242	1.420755639	1.432606256	1.100160545	3.351673546	3.817484118	1.251490471	1.278242605	1.64730049	1.593949675	3.498952433	2.442740094	2.971584694	4.466999901	4.631782088	3.787038344	3.373207939	2.196757842	4.53776542	3.603814311	4.102703896	3.056947057	1.068587938	3.971443618	4.141622938	3.010873932	2.278537245	4.946838584	2.454928712	4.692927395	4.573305311	4.533909335	3.486238365	4.499315387	2.005319194	1.916856125	2.066380434	1.076445274	1.062900946	1.226672285	2.080505451	1.554086364	1.45283619	2.421646734
ZJ_NB_2021_05_15_bin_12	0	0	0	0	0	0	0	0	0	0	0	0	0	0	0	0	0	0	0	0	0	0	0	0	0	0	0	0	0	0	0	0	0	0	0	0	0	0	0	0	0	0	0	0	0
ZJ_NB_2021_05_15_bin_20	0	0	0	0	0	0	0	0	0	0	0	0	0	0	0	0	0	0	0	0	0	0	0	0	0	0	0	0	0	0	0	0	0	0	0	0	0	0	0	0	0	0	0	0	0
ZJ_NB_2021_05_15_bin_4	0	0	0	0	0	0	0	0	0	0	0	0	0	0	0	0	0	0	0	0	0	0	0	0	0	0	0	0	0	0	0	0	0	0	0	0	0	0	0	0	0	0	0	0	0
ZJ_NB_2021_05_15_bin_5	0	0	0	0	0	0	0	0	0	0	0	0	0	0	0	0	0	0	0	0	0	0	0	0	0	0	0	0	0	0	0	0	0	0	0	0	0	0	0	0	0	0	0	0	0
ZJ_NB_2021_05_15_bin_9	0	0	0	0	0	0	0	0	0	0	0	0	0	0	0	0	0	0	0	0	0	0	0	0	0	0	0	0	0	0	0	0	0	0	0	0	0	0	0	0	0	0	0	0	0
HN_SY_2021_04_15_bin_4	0	0	0	0.679115763	0	0	0	0	0	0.954055723	0	1.295264347	0	1.422166448	1.048404192	1.768857993	0	0	0.98593834	1.513857029	1.450821354	1.269379292	0	0	0	0.948290569	0	1.636647639	2.25162672	0.909241316	0	2.20283394	2.229978445	3.414194743	1.764667686	0	1.625561751	1.386961674	0.977343768	0	0	0	0	0	0
LN_DD_2021_06_15_bin_1	0	0	0	0	0	0	0	0	0	0	0	0	0	0	0	0	0	0	0	0	0	0	0	0	0	0	0	0	0	0	0	0	0	0	0	0	0	0	0	0	0	0	0	0	0
LN_DD_2021_06_15_bin_10	0	1.019214711	0	1.125203002	1.417171909	2.398785929	1.115571085	1.351238811	0.858937635	0	0	1.504793034	0.918313027	1.301343103	0	1.49591529	0	0	0	0.81259874	0	1.135072584	0	0.876751397	0	0	0.972209525	0	0	0	1.701102825	0	2.300881114	0	0	0	0	0	0	1.044574233	0	0	0	0	0
LN_DD_2021_06_15_bin_2	0	0	0	0	0	0	0	0	0	0	0	0	0	0	0	0	0	0	0	0	0	0	0	0	0	0	0	0	0	0	0	0	0	0	0	0	0	0	0	0	0	0	0	0	0
SD_QD_2020_06_15_bin_4	0	0	0	0	0	0.967729641	0	0	0	0	0	1.200878499	0	0	0	1.207411339	0	0	0	1.145346349	0	1.414983263	0	0	0	0	0	0	0	0	1.456512497	0	1.331729034	0	0	0	0	0	0	0	0	0	0	0	0
ZJ_NB_2021_05_15_bin_17	0	0	0	0	0	0	0	0	0	0	0	0	0	0	0	0	0	0	0	0	0	0	0	0	0	0	0	0	0	0	0	0	0	0	0	0	0	0	0	0	0	0	0	0	0
ZJ_NB_2021_05_15_bin_19	0	0	0	0	0	0	0	0	0	0	0	0	0	0	0	0	0	0	0	0	0	0	0	0	0	0	0	0	0	0	0	0	0	0	0	0	0	0	0	0	0	0	0	0	0
ZJ_WZ_2021_05_15_bin_4	0	0	0	0	0	0	0	0	0	0	0	0	0	0	0	0	0	0	0	0	0	0	0	0	0	0	0	0	0	0	0	0	0	0	0	0	0	0	0	0	0	0	0	0	0
ZJ_WZ_2021_05_15_bin_8	0	0	0	0	0	0	0	0	0	0	0	0	0	0	0	0	0	0	0	0	0	0	0	0	0	0	0	0	0	0	0	0	0	0	0	0	0	0	0	0	0	0	0	0	0
GD_ZH_2021_05_15_bin_1	0	0	0	0	0	0	0	0	0	0	0	0	0	0	0	0	0	0	0	0	0	0	0	0	0	0	0	0	0	0	0	0	0	0	0	0	0	0	0	0	0	0	0	0	0
JS_LYG_2021_05_15_bin_5	0	1.325675003	1.347218221	1.154018786	1.12960482	2.243593102	2.518980877	1.146295839	1.057961863	1.084803752	1.297701854	2.398535631	1.497927211	2.097542161	2.305267708	3.048437375	3.092582686	1.80145485	1.464114422	2.419157074	2.253258696	3.245718794	2.111863205	1.056390141	2.741333676	2.296027001	1.84858344	1.089438075	2.617606525	1.077609735	2.680861886	1.912218489	2.218528174	1.481331443	2.055308612	0	0	1.203206263	0	0.957938425	0	0	0	1.079653	0.834313582
JS_YC_2021_05_15_bin_7	0	0	0	0	0	0	0	0	0	0	0	0	0	0	0	0	0	0	0	0	0	0	0	0	0	0	0	0	0	0	0	0	0	0	0	0	0	0	0	0	0	0	0	0	0
SD_DY_2021_06_15_bin_1	0	0	0	0	0	0	0	0	0	0	0	0	0	0	0	0	0	0	0	0	0	0	0	0	0	0	0	0	0	0	0	0	0	0	0	0	0	0	0	0	0	0	0	0	0
SD_QD_2020_06_15_bin_13	1.008618017	3.076810606	2.062863997	1.774208058	1.930546879	4.849200099	4.297513085	1.866233672	1.690492939	2.136431509	1.907789567	3.869869207	2.190910546	3.7909352	3.388146305	4.484334632	3.376787457	2.95793547	2.059271112	2.758599747	2.814627477	3.502304055	2.393086121	1.993148576	1.998497589	2.780048759	3.415789989	1.414544995	3.2764996	1.130081801	4.563431716	1.90878668	2.867704896	2.415527815	2.895248328	1.199327921	1.205026484	1.973736433	1.197653566	1.785026764	1.176903964	0.968647326	2.215888	2.059097263	1.393525666
SD_QD_2020_06_15_bin_41	0	1.4833717	0	0	0	1.933097262	0.966784593	0	0	0.884132304	0	1.338034504	0	1.556643549	2.222792434	2.333487486	2.035498085	1.186849251	1.071724378	1.556156504	1.028757667	2.152567778	0.88652159	0	1.362207998	1.659425917	1.261374168	0.960740206	1.692716653	0	2.827424973	1.103840745	1.743409759	1.12118285	1.602052643	0	0	1.471454582	0	0	0	0	0	0.968839677	0
SD_QD_2023_07_100_ultra_bin_9	1.771939752	3.481899519	5.94909831	4.681570912	4.804095328	6.350954577	6.941102937	5.831930769	5.041418155	2.384255818	5.684035971	4.657348537	4.779093253	4.859403144	4.781484806	5.7165613	6.817908969	4.331677044	2.204257826	3.633268014	3.930642734	4.824338615	3.972381295	5.361676147	4.898413857	4.063012742	4.620475986	1.640980184	4.305756079	3.505179724	6.124848362	3.457559998	4.514981528	4.166732075	4.011800656	2.566486469	1.533101822	3.806270675	3.063631224	3.724834157	4.028822576	2.426610813	6.864699842	5.201315663	3.631306614
SD_QD_2023_07_20_normal_bin_3	0.987709321	2.056538226	1.282133976	1.394543502	1.858403612	3.790777663	2.841537846	1.54718472	1.3487919	1.256560465	1.106522742	2.306663387	1.291681117	2.542605849	2.067261343	2.577147226	1.62426347	1.472959543	1.387688768	1.633661602	1.458599595	2.168275608	1.429898796	1.46661834	1.194960064	1.729680666	1.797427048	1.002900357	2.123802093	0	2.770207137	1.127671706	1.550505234	1.33625607	1.388119661	0.814689415	0	1.295872631	0	0	0	0	1.176817626	1.508602529	1.065951763
SD_QD_2023_07_80_ultra_bin_19	0	0	0	0	0	2.561179396	0	0	0	0	0	2.080326658	1.352370521	1.192143695	5.330340309	2.651650678	2.122983386	2.299822712	1.673300135	4.108200186	1.944112885	4.754174077	2.220131744	0	2.343593899	4.620840915	1.673170309	0.789431674	2.965936979	1.551408013	1.257424556	3.333524087	2.969098102	2.06766513	4.355569952	1.013637721	0	1.506131333	0	0	0	0.984735698	0	2.263607145	1.456310982
JS_YC_2021_05_15_bin_6	0	0	0	0	0	0	0	0	0	0	0	0	0	0	0	0	0	0	0	0	0	0	0	0	0	0	0	0	0	0	0	0	0	0	0	0	0	0	0	0	0	0	0	0	0
