	CXD_1412_FDSW210423229-1r-1	CXD_1414_FDSW210423231-1r-1	CXD_1610_FDSW210423242-1r-1	CXD_1613_FDSW210423245-1r-1	CXD_1611_FDSW210423243-1r-1	CXD_1612_FDSW210423244-1r-1	CXD_1604_FDSW210423236-1r-1	CXD_1609_FDSW210423241-1r-1	WZ7_FDME210455463-1r	WZ15_FDME210455471-1r	WZ11_L1	WZ1_L1	WZ3_L1	WZ14_L1	WZ5_L1	WZ10_L1	NB2_FDME210455353-1r	NB1_FDME210455352-1r	NB7_FDME210455358-1r	NB15_FDME210455366-1r	NB4_FDME210455355-1r	NB6_FDME210455357-1r	NB11_FDME210455362-1b	NB12_FDME210455363-1r	DD3_FDSW220008390-2r	DD15_FDSW220008402-2r	DD1_FDSW220008388-1r	DD13_FDSW220008400-2r	DD5_FDSW220008392-2r	DD9_FDSW220008396-1r	DD7_FDSW220008394-1r	DD11_FDSW220008398-1r	YC11_FDME220007415-1r	YC5_FDME220007409-1r	YC3_FDME220007407-1r	YC13_FDME220007417-1r	YC9_FDME220007413-1r	YC15_FDME220007419-1r	YC1_FDME220007405-1r	YC7_FDME220007411-1a	ZH1_FDSW220008784-1r	ZH5_FDSW220008788-1r	ZH9_FDSW220008792-2r	ZH3_FDSW220008786-1r	ZH13_FDSW220008796-2r	ZH15_FDSW220008798-2r	ZH7_FDSW220008790-1r	ZH11_FDSW220008794-2r	BH10_FDSW220017130-1r	BH2_FDSW220017122-1r	BH4_FDSW220017124-1r	BH14_FDSW220017134-1r	BH15_FDSW220017135-1r	BH8_FDSW220017128-1r	BH6_FDSW220017126-1r	BH12_FDSW220017132-1r	DY7_FDME210438605-1r	DY2_FDME210438600-1b	DY10_FDME210438608-1r	DY13_FDME210438611-1b	DY15_FDME210438613-1r	DY6_FDME210438604-1r	DY11_FDME210438609-1r	SY9_FDME210455405-2a	SY12_FDME210455408-1r	SY15_FDME210455411-2a	SY3_FDME210455399-2a	SY13_FDME210455409-2a	SY7_FDME210455403-2a	SY11_FDME210455407-1r	ST1_FDME220007465-1r	ST9_L1	ST13_L1	ST15_L1	ST7_FDME220007471-1r	ST10_L1	ST3_L1	ST12_L1	XM12_FDME220007446-1r	XM2_FDME220007436-1r	XM15_FDME220007449-1r	XM6_FDME220007440-1r	XM8_FDME220007442-1r	XM4_FDME220007438-1r	XM10_FDME220007444-1r	XM14_FDME220007448-1r	LYG13_FDME210455394-1a	LYG3_FDME210455384-1r	LYG6_FDME210455387-1r	LYG7_FDME210455388-1r	LYG1_FDME210455382-1r	LYG5_FDME210455386-1r	LYG11_FDME210455392-2r
GD_ST_2021_04_15_bin_1	0	0	0	0	0	0	0	0	0	0	0	0	0	0	0	0	0	0	0	0	0	0	0	0	0	0	0	0	0	0	0	0	0	0	0	0	0	0	0	0	0	0	0	0	0	0	0	0	0	0	0	0	0	0	0	0	0	0	0	0	0	0	0	0	0	0	0	0	0	0	33.69230043	2.308412106	1.055325895	1.182448659	12.68528892	10.24824906	3.978897381	5.504034636	0	0	0	0	0	0	0	0	0	0	0	0	0	0	0
GD_ZH_2021_05_15_bin_2	0	1.257727691	0	0	0	0	0	0	0	1.991803092	4.805522448	2.758876463	2.304842394	2.615958241	3.158822379	3.126560904	0	2.309592305	3.383010571	2.708314399	2.376675964	3.255036539	2.87457367	3.066267721	0	0	0	0	0	0	0	0	0	0	0	0	0	0	0	0	4.374424286	5.566559304	13.10162129	11.58678052	8.935247409	10.75755424	8.654672033	8.898697651	0	0	0	0	0	0	0	0	0	0	0	0	0	0	0	0	0	0	0	0	0	0	1.09227938	0	0	0	0	0	0	0	0	0	0	0	0	0	0	0	0	0	0	0	0.898475668	0	0
GX_BH_2021_04_15_bin_1	0	0	0	0	0	0	0	0	0	0	0	0	0	0	0	0	0	0	0	0	0	0	0	0	0	0	0	0	0	0	0	0	0	0	0	0	0	0	0	0	0	0	0	0	0	0	0	0	9.275303752	13.39507904	16.84695608	12.81056697	16.20157104	22.72215045	17.36467268	16.83095129	0	0	0	0	0	0	0	0	0	0	0	0	0	0	0	0	0	0	0	0	0	0	0	0	0	0	0	0	0	0	0	0	0	0	0	0	0
GX_BH_2021_04_15_bin_2	0	0	0	0	0	0	0	0	0	0	0	0	0	0	0	0	0	0	0	0	0	0	0	0	0	0	0	0	0	0	0	0	0	0	0	0	0	0	0	0	0	0	0	0	0	0	0	0	10.46758783	13.42526387	11.73450245	2.939835135	4.004369323	16.23279551	12.50310604	8.269087932	0	0	0	0	0	0	0	0	0	0	0	0	0	0	0	0	0	0	0	0	0	0	0	0	0	0	0	0	0	0	0	0	0	0	0	0	0
GX_BH_2021_04_15_bin_3	0	0	0	0	0	0	0	0	0	0	0	0	0	0	0	0	0	0	0	0	0	0	0	0	0	0	0	0	0	0	0	0	0	0	0	0	0	0	0	0	0	0	0	0	0	0	0	0	59.74143677	71.48012837	78.01504546	6.422220376	7.32055645	10.62758355	19.85847201	22.70014047	0	0	0	0	0	0	0	0	0	0	0	0	0	0	0	0	0	0	0	0	0	0	0	0	0	0	0	0	0	0	0	0	0	0	0	0	0
HN_SY_2021_04_15_bin_2	0	0	0	0	0	0	0	0	0	0	0	0	0	0	0	0	0	0	0	0	0	0	0	0	0	0	0	0	0	0	0	0	0	0	0	0	0	0	0	0	0	0	0	0	0	0	0	0	0	0	0	0	0	0	0	0	0	0	0	0	0	0	0	10.69611926	16.96277244	29.73613339	9.732090173	6.575677299	2.259610262	6.666323736	0	0	0	0	0	0	0	0	0	0	0	0	0	0	0	0	0	0	0	0	0	0	0
HN_SY_2021_04_15_bin_6	0	0	0	0	0	0	0	0	0	0	0	0	0	0	0	0	0	0	0	0	0	0	0	0	0	0	0	0	0	0	0	0	0	0	0	0	0	0	0	0	0	0	0	0	0	0	0	0	0	0	0	0	0	0	0	0	0	0	0	0	0	0	0	19.64858808	42.94584602	6.861501515	8.955202897	8.710333947	2.125337593	8.71398179	0	0	0	0	0	0	0	0	0	0	0	0	0	0	0	0	0	0	0	0	0	0	0
JS_LYG_2021_05_15_bin_2	0	0	0	0	0	0	0	0	0	0	0	0	0	0	0	0	0	0	0	0	0	0	0	0	0	0	0	0	0	0	0	0	0	0	0	0	0	0	0	0	0	0	0	0	0	0	0	0	0	0	0	0	0	0	0	0	0	0	0	0	0	0	0	0	0	0	0	0	0	0	0	0	0	0	0	0	0	0	0	0	0	0	0	0	0	0	0	26.89218022	7.474847875	1.808776533	21.42567172	22.86485775	30.92183773
JS_LYG_2021_05_15_bin_6	0	0	0	0	0	0	0	0	0	0	0	0	0	0	0	0	0	0	0	0	0	0	0	0	0	0	0	0	0	0	0	0	0	0	0	0	0	0	0	0	0	0	0	0	0	0	0	0	0	0	0	0	0	0	0	0	0	0	0	0	0	0	0	0	0	0	0	0	0	0	0	0	0	0	0	0	0	0	0	0	0	0	0	0	0	0	0	31.17270169	6.09955952	1.332737999	16.28960137	19.13827279	18.97614503
JS_YC_2021_05_15_bin_1	0	0	0	0	0	0	0	0	0	0	0	0	0	0	0	0	0	0	0	0	0	0	0	0	0	0	0	0	0	0	0	0	10.5734159	6.773232635	8.271117278	9.038309248	6.910066579	8.005629048	8.52835097	7.583102954	0	0	0	0	0	0	0	0	0	0	0	0	0	0	0	0	0	0	0	0	0	0	0	0	0	0	0	0	0	0	0	0	0	0	0	0	0	0	0	0	0	0	0	0	0	0	0	0	0	0	0	0	0
SD_DY_2021_06_15_bin_5	0	0	0	0	0	0	0	0	0	0	0	0	0	0	0	0	0	0	0	0	0	0	0	0	0	0	0	0	0	0	0	0	0	0	0	0	0	0	0	0	0	0	0	0	0	0	0	0	0	0	0	0	0	0	0	0	29.33388726	23.2649938	41.29975415	31.97040772	29.22132282	55.06388644	18.33120108	0	0	0	0	0	0	0	0	0	0	0	0	0	0	0	0	0	0	0	0	0	0	0	0	0	0	0	0	0	0
SD_QD_2020_06_15_bin_1	0	2.518997977	0	0	0	0	0	0	0	0	0	0	0	0	0	0	0	0	0	0	0	0	0	0	0	0	0	0	0	0	0	0	0	0	0	0	0	0	0	0	0	0	0	0	0	0	0	0	0	0	0	0	0	0	0	0	0	0	0	0	0	0	0	0	0	0	0	0	0	0	0	0	0	0	0	0	0	0	0	0	0	0	0	0	0	0	0	0	0	0	0	0	0
SD_QD_2020_06_15_bin_10	2.458343223	3.90899862	2.365759178	1.556639634	2.222169387	2.104875035	2.189168723	2.23895694	0	0	0	0	0	0	0	0	0	0	0	0	0	0	0	0	0	0	0	0	0	0	0	0	0	0	0	0	0	0	0	0	0	0	0	0	0	0	0	0	0	0	0	0	0	0	0	0	0	0	0	0	0	0	0	0	0	0	0	0	0	0	0	0	0	0	0	0	0	0	0	0	0	0	0	0	0	0	0	0	0	0	0	0	0
SD_QD_2020_06_15_bin_27	1.204349522	2.773653631	4.397382615	3.131569255	2.966155136	2.739574043	3.003696542	0	0	0	0	0	0	0	0	0	0	0	0	0	0	0	0	0	0	0	0	0	0	0	0	0	0	0	0	0	0	0	0	0	0	0	0	0	0	0	0	0	0	0	0	0	0	0	0	0	0	0	0	0	0	0	0	0	0	0	0	0	0	0	0	0	0	0	0	0	0	0	0	0	0	0	0	0	0	0	0	0	0	0	0	0	0
SD_QD_2020_06_15_bin_28	1.203321228	3.13882641	3.110999576	1.602768906	2.645911981	2.548286798	0	0	0	0	0	0	0	0	0	0	0	0	0	0	0	0	0	0	0	0	0	0	0	0	0	0	0	0	0	0	0	0	0	0	0	0	0	0	0	0	0	0	0	0	0	0	0	0	0	0	0	0	0	0	0	0	0	0	0	0	0	0	0	0	0	0	0	0	0	0	0	0	0	0	0	0	0	0	0	0	0	0	0	0	0	0	0
SD_QD_2020_06_15_bin_42	4.20271847	4.998533165	1.245341658	1.375281815	0	0	0	0	0	0	0.677551617	0	0	0	0	0	0	0	0	0	0	0	0	0	0	0	0	0	0	0	0	0	0	0	0	0	0	0	0	0	0	0	0	0	0	0	0	0	0	0	0	0	0	0	0	0	0	0	0	0	0	0	0	0	0	0	0	0	0	0	0	0	0	0	0	0	0	0	0	0	0	0	0	0	0	0	0	0	0	0	0	0	0
SD_QD_2020_06_15_bin_46	0	1.437968838	0	0	0	0	0	0	0	0	0	0	0	0	0	0	0	0	0	0	0	0	0	0	0	0	0	0	0	0	0	0	0	0	0	0	0	0	0	0	0	0	0	0	0	0	0	0	0	0	0	0	0	0	0	0	0	0	0	0	0	0	0	0	0	0	0	0	0	0	0	0	0	0	0	0	0	0	0	0	0	0	0	0	0	0	0	0	0	0	0	0	0
SD_QD_2020_06_15_bin_5	1.593349082	2.698330018	3.283390659	2.483380375	2.707102397	3.178356998	0	0.849089479	0	0	0	0	0	0	0	0	0	0	0	0	0	0	0	0	0	0	0	0	0	0	0	0	0	0	0	0	0	0	0	0	0	0	0	0	0	0	0	0	0	0	0	0	0	0	0	0	0	0	0	0	0	0	0	0	0	0	0	0	0	0	0	0	0	0	0	0	0	0	0	0	0	0	0	0	0	0	0	0	0	0	0	0	0
SD_QD_2020_06_15_bin_8	4.668649223	5.656964843	10.2955787	8.606946316	8.462221183	7.143663324	3.261933765	0.835413174	0	0	0	0	0	0	0	0	0	0	0	0	0	0	0	0	0	0	0	0	0	0	0	0	0	0	0	0	0	0	0	0	0	0	0	0	0	0	0	0	0	0	0	0	0	0	0	0	0	0	0	0	0	0	0	0	0	0	0	0	0	0	0	0	0	0	0	0	0	0	2.43404073	0	0	0	0	0	0	0	4.372260821	0	0	2.029995977	0	0	0
SD_QD_2020_08_15_bin_2	0	2.66782745	0	0	0	0	0	0	0	0	0	0	0	0	0	0	0	0	0	0	0	0	0	0	0	0	0	0	0	0	0	0	0	0	0	0	0	0	0	0	0	0	0	0	0	0	0	0	0	0	0	0	0	0	0	0	0	0	0	0	0	0	0	0	0	0	0	0	0	0	0	0	0	0	0	0	0	0	0	0	0	0	0	0	0	0	0	0	0	0	0	0	0
SD_QD_2020_10_15_bin_4	7.825572561	16.25632559	1.36401282	1.267453188	1.109633139	1.305926115	0	1.055930964	6.38547469	5.413993017	16.90995079	7.716395568	8.152667777	9.143485294	6.730386067	7.844827861	1.368397493	3.694288045	3.34267595	4.593346991	3.461983515	3.677067786	4.533962973	4.571639738	0	0	0	0	0	0	0	0	0	0	0	0	0	0	0	0	0	0	0	0	0	0	0	0	0	0	0	0	0	0	0	0	0	0	0	0	0	0	0	2.690842143	4.622392329	0	0	0	0	1.062133053	0	0	0	0	0	0	0	0	0	0	0	0	0	0	0	0	0	10.31227023	6.158825389	0	3.86623618	0	0
SD_QD_2020_10_15_bin_7	10.19313206	9.179847585	7.881614704	8.25216269	4.143521147	4.269912576	0	0	0	0	0	0	0	0	0	0	0	0	0	0	0	0	0	0	0	0	0	0	0	0	0	0	0	0	0	0	0	0	0	0	0	0	0	0	0	0	0	0	0	0	0	0	0	0	0	0	0	0	0	0	0	0	0	1.757947381	1.493114632	0	0	0	0	0	0	0	0	0	0	0	0	0	0	0	0	0	0	0	0	0	0	0	0	0	0	0	0
SD_QD_2020_12_15_bin_3	10.11983496	15.23427826	2.720044637	2.823554709	1.735995608	1.779406056	1.176246897	3.202127302	7.922362581	9.742256487	25.22896061	13.89899622	13.4520148	14.47031069	11.85814198	12.76298368	3.979150858	8.674281937	8.920114214	9.906578382	6.95947714	10.48204841	9.836285666	11.44985902	0	0	0	0	0	0	0	0	2.619347511	0	0.994136818	1.785195352	0	1.495648844	1.848638198	0.941222799	0	0	0	0	0	0	0	0	0	0	0	0	0	0	0	0	0	0	0	0	0	0	0	0	0	0	0	0	0	0	0	0	0	0	0	0	0	0	0	0	0	0	0	0	0	0	58.27113051	14.5114332	5.922813822	9.33795252	9.918938567	3.521216596	2.383617049
SD_QD_2020_12_15_bin_7	5.763873234	8.049623638	2.768063052	3.312839762	1.480173078	1.791900238	0	1.487990063	0	0	0	0	0	0	0	0	0	0	0	0	0	0	0	0	0	0	0	0	0	0	0	0	0	0	0	0	0	0	0	0	0	0	0	0	0	0	0	0	0	0	0	0	0	0	0	0	0	0	0	0	0	0	0	0	0	0	0	0	0	0	0	0	0	0	0	0	0	0	0	0	0	0	0	0	0	0	0	0	0	0	0	0	0
SD_QD_2023_07_20_normal_bin_4	1.742201853	5.738914386	0	0	1.020358065	3.163468115	2.43622737	0	0	0	0	0	0	0	0	0	0	0	0	0	0	0	0	0	0	0	0	0	0	0	0	0	0	0	0	0	0	0	0	0	0	0	0	0	0	0	0	0	0	0	0	0	0	0	0	0	0	0	0	0	0	0	0	0	0	0	0	0	0	0	0	0	0	0	0	0	0	0	0	0	0	0	0	0	0	0	0	0	0	0	0	0	0
SD_QD_2023_07_40_normal_bin_12	2.236221306	6.883832508	1.898101839	2.021040343	2.5772261	1.79839858	1.6854199	4.661969042	0	0	0	0	0	0	0	0	0	0	0	0	0	0	0	0	0	0	0	0	0	0	0	0	0	0	0	0	0	0	0	0	0	0	0	0	0	0	0	0	0	0	0	0	0	0	0	0	0	0	0	0	0	0	0	0	0	0	0	0	0	0	0	0	0	0	0	0	0	0	0	0	0	0	0	0	0	0	2.47059455	2.680726575	2.061528578	1.728432909	2.740487803	1.51986349	0
SD_QD_2023_07_40_ultra_bin_1	32.5826981	40.13535943	12.29151881	11.28693685	9.98334686	12.14001109	17.1785838	20.60717974	0	0	0	0	0	0	0	0	0	0	0	0	0	0	0	0	0	0	0	0	0	0	0	0	0	0	0	0	0	0	0	0	0	0	0	0	0	0	0	0	0	0	0	0	0	0	0	0	0	0	0	0	0	0	0	0	0	0	0	0	0	0	0	0	0	0	0	0	0	0	0	0	0	0	0	0	0	0	0	0	0	0	0	0	0
SD_QD_2023_07_40_ultra_bin_10	5.620555705	8.487390882	6.214181206	6.402239277	5.964728016	4.71529137	4.59678594	3.262991565	0	0	4.403973093	1.42905704	1.318792319	0.98388461	1.146215958	1.786752635	0	0	0	0	0	0	0	0	1.236557905	0	5.776137901	2.279449996	3.73682349	1.502261765	1.359447915	0	0	0	0	0	0	0	0	0	0	0	0	0	0	0	0	0	0	0	0	0	0	0	0	0	0	0	0	0	0	0	0	0	0	0	0	0	0	0	40.61680953	1.428535278	1.060759018	0.97651742	5.62551882	5.664050024	4.216615803	2.368918576	52.34613371	30.3640237	34.6041407	12.1308122	10.97016245	13.94417904	15.46636715	17.74105781	25.70202456	0	1.105523148	2.240486778	13.9874224	1.251645642	3.591284219
SD_QD_2023_07_40_ultra_bin_11	14.45522179	24.59142561	19.8123816	14.32474606	18.24026821	14.96446061	19.79567343	14.81676444	8.665752624	5.159638778	13.26044525	7.868727503	8.901112973	7.493262432	11.13500443	7.113763259	0.85926727	1.990418777	2.764177216	4.172380999	2.362581491	2.810089325	3.539750102	4.072127881	0	0	0	0	0	0	0	0	0	0	0	0	0	0	0	0	0	0	0	0	0	0	0	0	0	0	0	0	0	0	0	0	0	0	0	0	0	0	0	0	0	0	0	0	0	0	0	0	0	0	0	0	0	0	0	0	0	0	0	0	0	0	0	6.336630011	0.827364517	0	5.615320138	1.000651148	1.297972171
SD_QD_2023_07_60_normal_bin_21	0	0	0	0	0	0	0	0	0	0	0	0	0	0	0	0	0	0	0	0	0	0	0	0	0	0	0	0	0	0	0	0	0	0	0	0	0	0	0	0	0	0	0	0	0	0	0	0	0	0	0	0	0	0	0	0	0	0	0	0	0	0	0	0	0	0	0	0	0	0	0	0	0	0	0	0	0	0	0	0	0	0	0	0	0	0	0	0	0	0	0	0	0
SD_QD_2023_07_60_ultra_bin_18	4.736472259	8.411257875	1.605242018	1.969086989	1.526404206	1.692231964	4.317265393	9.733364618	0	0	0	0	0	0	0	0	0	0	0	0	0	0	0	0	0	0	0	0	0	0	0	0	0	0	0	0	0	0	0	0	0	0	0	0	0	0	0	0	0	0	0	0	0	0	0	0	0	0	0	0	0	0	0	0	0	0	0	0	0	0	0	0	0	0	0	0	0	0	0	0	0	0	0	0	0	0	0	2.168863356	0	0	2.442918629	1.513235927	3.358398107
SD_QD_2023_07_60_ultra_bin_19	8.488504397	13.90278657	7.81809666	5.976953754	5.834101928	5.951174296	0	0.917908141	0	0	0	0	0	0	0	0	0	0	0	0	0	0	0	0	0	0	0	0	0	0	0	0	0	0	0	0	0	0	0	0	0	0	0	0	0	0	0	0	0	0	0	0	0	0	0	0	0	0	0	0	0	0	0	0	0	0	0	0	0	0	0	0	0	0	0	0	0	0	0	0	0	0	0	0	0	0	0	0	0	0	0	0	0
SD_QD_2023_07_60_ultra_bin_2	3.541974733	5.004150344	2.029023418	2.29465347	1.208472526	1.270310556	0	0	0	0	0	0	0	0	0	0	0	0	0	0	0	0	0	0	0	0	0	0	0	0	0	0	0	0	0	0	0	0	0	0	0	0	0	0	0	0	0	0	0	0	0	0	0	0	0	0	0	0	0	0	0	0	0	0	0	0	0	0	0	0	0	0	0	0	0	0	0	0	0	0	0	0	0	0	0	0	0	0	0	0	0	0	0
SD_QD_2023_07_60_ultra_bin_3	3.304971229	3.050141744	1.579156946	2.264507466	2.257691749	1.979285943	0.958878267	2.212250516	0	0	0	0	0	0	0	0	0	0	0	0	0	0	0	0	0	0	0	0	0	0	0	0	0	0	0	0	0	0	0	0	0	0	0	0	0	0	0	0	0	0	0	0	0	0	0	0	0	0	0	0	0	0	0	0	0	0	0	0	0	0	0	0	0	0	0	0	0	0	0	0	0	0	0	0	0	0	0	0	0	0	0	0	0
SD_QD_2023_07_80_normal_bin_3	3.903204935	5.963884778	1.872071465	1.347516249	0	0.926502896	0	1.123713197	0	0	2.378340225	0	0	0	0	1.047733381	0	0	0	0	0	0	0	0	0	0	0	0	0	0	0	0	0	0	0	0	0	0	0	0	0	0	0	0	0	0	0	0	0	0	0	0	0	0	0	0	0	0	0	0	0	0	0	0	0	0	0	0	0	0	0	0	0	0	0	0	0	0	0	0	0	0	0	0	0	0	3.895128353	1.376762351	0	0	0	0	0
SD_QD_2023_07_80_normal_bin_5	1.392149574	2.896034046	1.890662359	1.047971109	1.558336365	1.233361961	0.960002343	0	0	0	0	0	0	0	0	0	0	0	0	0	0	0	0	0	0	0	0	0	0	0	0	0	0	0	0	0	0	0	0	0	0	0	0	0	0	0	0	0	0	0	0	0	0	0	0	0	0	0	0	0	0	0	0	0	0	0	0	0	0	0	0	0	0	0	0	0	0	0	0	0	0	0	0	0	0	0	0	0	0	0	0	0	0
SD_QD_2023_07_80_ultra_bin_11	1.624849085	3.992914666	0	0	0	0	0.955863937	0	0	0	0	0	0	0	0	0	0	0	0	0	0	0	0	0	0	0	0	0	0	0	0	0	0	0	0	0	0	0	0	0	0	0	0	0	0	0	0	0	0	0	0	0	0	0	0	0	0	0	0	0	0	0	0	0	0	0	0	0	0	0	0	0	0	0	0	0	0	0	0	0	0	0	0	0	0	0	0	0	0	0	0	0	0
SD_QD_2023_07_100_ultra_bin_12	7.330878005	11.97808002	5.017446173	3.953397978	4.187821189	4.754553262	4.928775708	7.514719465	0	0	0	0	0	0	0	0	0	0	0	0	0	0	0	0	0	0	0	0	0	0	0	0	3.693218169	2.761343611	1.285637242	1.335387798	1.594741733	1.230542483	1.316386083	1.241544852	0	0	0	0	0	0	0	0	0	0	0	0	0	0	0	0	0	0	0	0	0	0	0	0	0	0	0	0	0	0	0	0	0	0	0	0	0	0	0	0	0	0	0	0	0	0	0	0	0	0	0	0	0
ZJ_NB_2021_05_15_bin_14	0	0	0	0	0	0	0	0	1.272612443	2.825928344	9.733922341	5.761551736	5.244414209	5.247764126	6.443761014	5.445148747	3.967788053	11.4632686	12.75409595	10.45466691	11.15833834	12.93345395	11.91404635	13.59261318	0	0	0	0	0	0	0	0	0	0	0	0	0	0	0	0	0	0	0	0	0	0	0	0	0	0	0	0	0	0	0	0	0	0	0	0	0	0	0	0	0	0	0	0	0	0	0	0	0	0	0	0	0	0	0	0	0	0	0	0	0	0	0	0	0	0	0	0	0
ZJ_NB_2021_05_15_bin_2	0	0	0	0	0	0	0	0	6.247909046	8.509534215	22.79927327	11.65566032	12.48637642	12.65926808	8.722385316	10.68533792	4.513432795	10.92592969	11.65162761	15.52159743	8.85019611	13.02045868	12.89937123	15.40178265	0	0	0	0	0	0	0	0	0	0	0	0	0	0	0	0	0	0	0	0	0	0	0	0	0	0	0	0	0	0	0	0	0	0	0	0	0	0	0	0	0	0	0	0	0	0	0	0	0	0	0	0	0	0	0	0	0	0	0	0	0	0	4.761386928	1.309607324	0	0	0	0	0
ZJ_NB_2021_05_15_bin_21	0	0	0	0	0	0	0	0	15.6928389	8.491204372	13.82767341	9.305132254	9.907581353	8.023782919	7.140933314	6.570680077	8.097563782	19.11098205	15.40984327	41.45433494	18.48476606	21.84025073	27.979778	34.61553003	0	0	0	0	0	0	0	0	0	0	0	0	0	0	0	0	0	0	0	0	0	0	0	0	0	0	0	0	0	0	0	0	0	0	0	0	0	0	0	0	0	0	0	0	0	0	0	0	0	0	0	0	0	0	0	0	0	0	0	0	0	0	0	0	0	0	0	0	0
ZJ_NB_2021_05_15_bin_8	0	0	0	0	0	0	0	0	56.80709695	43.86868337	64.28850405	39.68354752	35.13370266	25.19818272	38.16136176	33.77789665	3.707971455	13.79859833	11.21545047	14.20102458	14.04152106	15.48185992	14.36649151	18.41133277	0	0	0	0	0	0	0	0	6.181146882	5.254852026	6.403038715	6.877193974	5.431586735	5.846489862	6.492672569	5.531720246	0	0	0	0	0	0	0	0	0	0	0	0	0	0	0	0	0	0	0	0	0	0	0	0	0	0	0	0	0	0	24.56747042	0	0	0	3.751470527	3.678416259	1.498649528	1.697660175	35.99263428	21.75737411	19.28837059	5.897326589	6.258787925	9.825069017	11.99862367	10.15298935	0	0	0	0	0	0	0
ZJ_WZ_2021_05_15_bin_1	0	0	0	0	0	0	0	0	6.965607067	3.624470296	9.463317153	4.598457894	3.987202521	3.346738102	5.237712446	4.225402875	0	0	0	0	0	0	0	0	0	0	0	0	0	0	0	0	0	0	0	0	0	0	0	0	0	0	0	0	0	0	0	0	0	0	0	0	0	0	0	0	0	0	0	0	0	0	0	0	0	0	0	0	0	0	0	0	0	0	0	0	0	0	0	0	0	0	0	0	0	0	0	0	0	0	0	0	0
ZJ_WZ_2021_05_15_bin_12	0	0	0	0	0	0	0	0	9.186349009	13.70019666	15.27192769	8.690725994	8.398075965	5.766328463	8.22787223	6.784420162	0	0.822745413	0	1.247769434	1.177402006	1.232498677	0.99479707	1.496781747	0	0	0	0	0	0	0	0	0	0	0	0	0	0	0	0	0	0	0	0	0	0	0	0	0	0	0	0	0	0	0	0	0	0	0	0	0	0	0	0	0	0	0	0	0	0	0	0	0	0	0	0	0	0	0	0	0	0	0	0	0	0	0	0	0	0	0	0	0
ZJ_WZ_2021_05_15_bin_13	0	0	0	0	0	0	0	0	4.55065254	6.178827127	8.331607017	8.874007903	6.242130041	5.98124769	13.2360711	11.75746617	0	0	0	0	0	0	0	0	0	0	0	0	0	0	0	0	0	0	1.507016331	0	0	0	0	0.905954121	0	0	0	0	0	0	0	0	0	0	0	0	0	0	0	0	0	0	0	0	0	0	0	0	0	0	0	0	0	0	0	0	0	0	0	0	0	0	0	0	0	0	0	0	0	0	0	0	0	0	0	0	0
ZJ_WZ_2021_05_15_bin_15	2.088659366	5.680255701	4.672215028	4.129547573	4.58262539	4.703426624	2.061221942	1.842002937	0	24.92971007	4.53756468	4.570776926	3.609704482	3.047795335	14.96272086	12.16462157	0	1.10925185	0	6.947330186	2.650393523	2.852394393	4.646508979	3.790315337	0	0	0	0	0	0	0	0	0	0	0	0	0	0	0	0	0	0	0	0	0	0	0	0	0	0	0	0	0	0	0	0	0	0	0	0	0	0	0	0	0	0	0	0	0	0	2.348941901	0	0	0	0	0	0	0	0.890617685	0	0	0	0	0	0	0	0	1.554717765	0	0	1.734220705	0	0
ZJ_WZ_2021_05_15_bin_5	0	0.986523557	0	0	0	0	0	0	1.632858881	4.283752772	13.86593096	8.167366584	6.711034298	6.52817727	7.05951551	6.847778877	1.55321027	4.579152672	5.240684602	5.728049312	4.85918296	6.172875596	5.676748497	6.215991679	0	0	0	0	0	0	0	0	0	0	0	0	0	0	0	0	0	0	0	0	0	0	0	0	0	0	0	0	0	0	0	0	0	0	0	0	0	0	0	0	0	0	0	0	0	0	0	0	0	0	0	0	0	0	0	0	0	0	0	0	0	0	0	1.782485088	0	0	1.134754695	0	0
GD_ZH_2021_05_15_bin_1	0	1.424600985	0	0	0.970916332	0	0	0	0	0	0	0	0	0	0	0	0	2.796002595	2.55405761	1.478555672	3.879809946	4.144004436	2.556534149	3.008751398	0	0	0	0	0	0	0	0	0	0	0	0	0	0	0	0	8.750468786	9.697045764	28.15589474	11.59169968	11.70725578	11.3712574	15.95480549	18.39511536	0	0	0	0	0	0	0	0	0	0	0	0	0	0	0	0	0	0	0	0	0	0	0	0	0	0	0	0	0	0	0	0	0	0	0	0	0	0	0	0	0	0	0	0	0
GD_ZH_2021_05_15_bin_3	0	0	0	0	0	0	0	0	0	0	0	0	0	0	0	0	0.908885025	3.611602732	3.340040299	1.048331754	3.935493937	5.266463756	3.049887687	2.317394061	0	0	0	0	0	0	0	0	0	0	0	0	0	0	0	0	14.86316443	14.28736528	13.14324728	10.17449591	12.62178199	12.33673237	11.20689155	13.55508943	0	0	0	0	0	0	0	0	0	0	0	0	0	0	0	0	0	0	0	0	0	0	0	0	0	0	0	0	0	0	0	0	0	0	0	0	0	0	0	0	0	0	0	0	0
HN_SY_2021_04_15_bin_4	0	0	0	0	0	0	0	0	0	0	0	0	0	0	0	0	0	0	0	0	0	0	0	0	0	0	0	2.611029302	0	0	0	0	0	0	0	0	0	0	0	0	0	0	0	0	0	0	0	0	0	0	0	0	0	0	0	0	0	0	0	0	0	0	0	11.79751659	23.08175044	7.389182821	9.177781605	19.25285217	2.197328567	2.963487735	0	0	0	0	0	0	0	0	0	0	0	0	0	0	0	0	0	2.854354816	0	0	1.516121928	2.304322751	2.630879968
JS_LYG_2021_05_15_bin_1	0	0	0	0	0	0	0	0	0	0	0	0	0	0	0	0	0	0	0	0	0	0	0	0	0	0	0	0	0	0	0	0	0	0	0	0	0	0	0	0	0	0	0	0	0	0	0	0	0	0	0	0	0	0	0	0	0	0	0	0	0	0	0	0	0	0	0	0	0	0	0	0	0	0	0	0	0	0	0	0	0	0	0	0	0	0	0	55.03420078	0	0	2.621280604	0	0
JS_LYG_2021_05_15_bin_5	0	1.068500954	0	0	0	0	0	0.799570759	0	0	0	0	0	0	0	0	0	0	0	0	0	0	0	0	3.405187894	6.117840508	2.613321089	3.647523644	6.338936858	6.259835906	3.626755459	5.539741103	0	0	0	0	0	0	0	0	0	0	0	0	0	0	0	0	0	0	0	0	0	0	0	0	0	0	0	0	0	0	0	0	0	0	0	0	0	0	0	0	0	0	0	0	0	0	0	0	0	0	0	0	0	0	4.164236589	18.71167003	6.432400659	2.776518153	10.71798098	7.502258557	8.973909654
JS_YC_2021_05_15_bin_10	0	0	0	0	0	0	0	0	0	0	0	0	0	0	0	0	0	0	0	0	0	0	0	0	0	0	0	0	0	0	0	0	41.26926407	16.44630735	0	14.33387518	2.22829786	2.223154495	0	4.549496892	0	0	0	0	0	0	0	0	0	0	0	0	0	0	0	0	0	0	0	0	0	0	0	0	0	0	0	0	0	0	0	0	0	0	0	0	0	0	0	0	0	0	0	0	0	0	0	0	0	0	0	0	0
JS_YC_2021_05_15_bin_12	0	0	0	0	0	0	0	0	0	0	0	0	0	0	0	0	0	0	0	0	0	0	0	0	0	0	0	0	0	0	0	0	11.68719127	18.31108641	13.73153371	10.19703113	19.82983774	8.424874548	5.620806491	10.12000693	0	0	0	0	0	0	0	0	0	0	0	0	0	0	0	0	0	0	0	0	0	0	0	0	0	0	0	0	0	0	0	0	0	0	0	0	0	0	0	0	0	0	0	0	0	0	0	0	0	0	0	0	0
JS_YC_2021_05_15_bin_4	0	0	0	0	0	0	0	0	0	0	0	0	0	0	0	0	0	0	0	0	0	0	0	0	0	0	0	0	0	0	0	0	45.96026096	123.4918984	145.6216976	13.09685531	33.59761174	34.4269435	11.45898178	7.666325387	0	0	0	0	0	0	0	0	0	0	0	0	0	0	0	0	0	0	0	0	0	0	0	0	0	0	0	0	0	0	0	0	0	0	0	0	0	0	0	0	0	0	0	0	0	0	0	0	0	0	0	0	0
JS_YC_2021_05_15_bin_5	0	0	0	0	0	0	0	0	0	0	0	0	0	0	0	0	0	0	0	0	0	0	0	0	0	0	0	0	0	0	0	0	11.25746493	6.670147772	7.348049502	13.8578561	10.40718041	15.86716319	12.11393882	17.37193493	0	0	0	0	0	0	0	0	0	0	0	0	0	0	0	0	0	0	0	0	0	0	0	0	0	0	0	0	0	0	0	0	0	0	0	0	0	0	0	0	0	0	0	0	0	0	0	0	0	0	0	0	0
JS_YC_2021_05_15_bin_6	0	0	0	0	0	0	0	0	0	0	0	0	0	0	0	0	0	0	0	0	0	0	0	0	0	0	0	0	0	0	0	0	31.67164558	1.60638641	1.04538637	5.319242336	1.276463059	4.305358217	2.01372151	0	0	0	0	0	0	0	0	0	0	0	0	0	0	0	0	0	0	0	0	0	0	0	0	0	0	0	0	0	0	0	0	0	0	0	0	0	0	0	0	0	0	0	0	0	0	0	0	0	0	0	0	0	0
JS_YC_2021_05_15_bin_7	0	0	0	0	0	0	0	0	0	0	0	0	0	0	0	0	0	0	0	0	0	0	0	0	0	0	0	0	0	0	0	0	8.839459699	4.158063168	3.552541943	4.311950066	9.345138011	7.035759688	2.656731773	3.802205038	0	0	0	0	0	0	0	0	0	0	0	0	0	0	0	0	0	0	0	0	0	0	0	0	0	0	0	0	0	0	0	0	0	0	0	0	0	0	0	0	0	0	0	0	0	0	0	0	0	0	0	0	0
LN_DD_2021_06_15_bin_1	0	0	0	0	0	0	0	0	0	0	0	0	0	0	0	0	0	0	0	0	0	0	0	0	18.53230936	2.523338177	16.98704898	26.94159522	7.785590802	6.78402793	7.067386051	9.527949659	0	0	0	0	0	0	0	0	0	0	0	0	0	0	0	0	0	0	0	0	0	0	0	0	0	0	0	0	0	0	0	0	0	0	0	0	0	0	0	0	0	0	0	0	0	0	0	0	0	0	0	0	0	0	0	0	0	0	0	0	0
LN_DD_2021_06_15_bin_10	1.616319063	4.028984328	4.460818405	4.717143744	3.315789704	3.525035644	6.025356394	1.671133105	0	0	0	0	0	0	0	0	0	0	0	0	0	0	0	0	0	0	12.24731671	31.78598444	4.685167095	3.345242334	3.606293208	5.424886144	0	0	0	0	0	0	0	0	0	0	0	0	0	0	0	0	0	0	0	0	0	0	0	0	0	0	0	0	0	0	0	0	0	0	0	0	0	0	0	0	0	0	0	0	0	0	0	0	0	0	0	0	0	0	0	0	0	0	0	0	0
LN_DD_2021_06_15_bin_2	0	0	0	0	0	0	0	0	0	0	0	0	0	0	0	0	0	0	0	0	0	0	0	0	0	0	49.90259242	55.64899041	16.46468566	8.139704182	8.294731761	9.067520623	0	0	0	0	0	0	0	0	0	0	0	0	0	0	0	0	0	0	0	0	0	0	0	0	0	0	0	0	0	0	0	0	0	0	0	0	0	0	0	0	0	0	0	0	0	0	0	0	0	0	0	0	0	0	0	0	0	0	0	0	0
LN_DD_2021_06_15_bin_5	0	0	0	0	0	0	0	0	0	0	0	0	0	0	0	0	0	0	0	0	0	0	0	0	16.02027057	10.57399387	6.985880629	7.40684719	10.92959345	10.05708452	7.317092267	13.63153593	0	0	0	0	0	0	0	0	0	0	0	0.813338658	0	0	0	0	0	0	0	0	0	0	0	0	0	0	0	0	0	0	0	0	0	0	0	0	0	0	0	0	0	0	0	0	0	0	0	0	0	0	0	0	0	0	0	1.143303488	0	0	0	0	0
LN_DD_2021_06_15_bin_6	0	0	0	0	0	0	0	0	0	0	0.942548652	0	0	0	0	0	0	0	0	0	0	0	0	0	7.807182709	14.57908663	54.87980837	23.06945999	42.10690708	44.66219644	27.52607571	19.42653708	0	0	0	0	0	0	0	0	0	0	0	0	0	0	0	0	0	0	0	0	0	0	0	0	0	0	0	0	0	0	0	0	0	0	0	0	0	0	0	0	0	0	0	0	0	0	0	0	0	0	0	0	0	0	0	0	0	0	0	0	0
LN_DD_2021_06_15_bin_8	0	0	0	0	0	0	0	0	0	0	0	0	0	0	0	0	0	0	0	0	0	0	0	0	17.91397714	18.09034075	24.3678679	31.44762225	11.82975306	18.01184934	39.25455363	14.75790612	0	0	0	0	0	0	0	0	0	0	0	0	0	0	0	0	0	0	0	0	0	0	0	0	0	0	0	0	0	0	0	0	0	0	0	0	0	0	0	0	0	0	0	0	0	0	0	0	0	0	0	0	0	0	0	0	0	0	0	0	0
LN_DD_2021_06_15_bin_9	0	0	0	0	0	0	0	0	0	0	0	0	0	0	0	0	0	0	0	0	0	0	0	0	9.37306653	12.64350656	9.603728924	12.26703249	5.161149954	7.589334939	6.73065197	11.08765411	0	0	0	0	0	0	0	0	0	0	0	0	0	0	0	0	0	0	0	0	0	0	0	0	0	0	0	0	0	0	0	0	0	0	0	0	0	0	0	0	0	0	0	0	0	0	0	0	0	0	0	0	0	0	0	0	0	0	0	0	0
SD_DY_2021_06_15_bin_1	0	0	0	0	0	0	0	0	0	0	0	0	0	0	0	0	0	0	0	0	0	0	0	0	0	0	0	0	0	0	0	0	0	0	0	0	0	0	0	0	0	0	0	0	0	0	0	0	0	0	0	0	0	0	0	0	4.749230901	4.466728753	4.009756716	4.076197346	3.715551314	30.22570978	33.34327065	0	0	0	0	0	0	0	0	0	0	0	0	0	0	0	0	0	0	0	0	0	0	0	0	0	0	0	0	0	0
SD_DY_2021_06_15_bin_6	0	0	0	0	0	0	0	0	0	0	0	0	0	0	0	0	0	0	0	0	0	0	0	0	0	0	0	0	0	0	0	0	0	0	0	0	0	0	0	0	0	0	0	0	0	0	0	0	0	0	0	0	0	0	0	0	10.83886519	5.693106012	6.467192907	6.774973206	8.056335861	6.619487906	1.489444021	0	0	0	0	0	0	0	0	0	0	0	0	0	0	0	0	0	0	0	0	0	0	0	0	0	0	0	0	0	0
SD_QD_2020_06_15_bin_11	0	0.876172575	0	0	0	0	0	0	0	0	0	0	0	0	0	0	0	0	0	0	0	0	0	0	0	0	0	0	0	0	0	0	0	0	0	0	0	0	0	0	0	0	0	0	0	0	0	0	0	0	0	0	0	0	0	0	0	0	0	0	0	0	0	0	0	0	0	0	0	0	0	0	0	0	0	0	0	0	0	0	0	0	0	0	0	0	0	0	0	0	0	0	0
SD_QD_2020_06_15_bin_12	1.05116113	3.230381387	6.285862235	4.353626476	6.017660742	5.720390938	2.990598981	0	0	0	0	0	0	0	0	0	0	0	0	0	0	0	0	0	0	0	0	0	0	0	0	0	0	0	0	0	0	0	0	0	0	0	0	0	0	0	0	0	0	0	0	0	0	0	0	0	0	0	0	0	0	0	0	0	0	0	0	0	0	0	0	0	0	0	0	0	0	0	0	0	0	0	0	0	0	0	0	0	0	0	0	0	0
SD_QD_2020_06_15_bin_13	2.538617048	4.286446414	2.401820142	1.863219789	2.870918518	2.152158603	2.591631956	1.639728879	0	0	0	0	0	0	0	0	0	0	0	0	0	0	0	0	0	0	0	0	0	0	0	0	0	0	0	0	0	0	0	0	0	0	0	0	0	0	0	0	0	0	0	0	0	0	0	0	0	0	0	0	0	0	0	0	0	0	0	0	0	0	0	0	0	0	0	0	0	0	0	0	0	0	0	0	0	0	0	2.91348931	1.252810332	0	1.332431043	2.670973122	3.40822647
SD_QD_2020_06_15_bin_14	0.948091146	0	2.312703438	1.473446934	2.463298086	1.292050754	1.366306367	0.823380871	0	0.835262607	0	0	0	0	0	0	0	0	0	0	0	0	0	0	0	0	1.058680267	0	1.597318333	0	0	0	0	0	0	0	0	0	0	0	0	0	0	0	0	0	0	0	0	0	0	0	0	0	0	0	0	0	0	0	0	0	0	0	0	0	0	0	0	0	0	0	0	0	0	0	0	0	0	0	0	0	0	0	0	0	0	0	0	0	0	0	0
SD_QD_2020_06_15_bin_20	2.479248777	9.293618501	1.009632745	1.23379651	1.290486143	0.88518506	0	0.950464002	0	0	0	0	0	0	0	0	0	0	0	0	0	0	0	0	0	0	0	0	0	0	0	0	0	0	0	0	0	0	0	0	0	0	0	0	0	0	0	0	0	0	0	0	0	0	0	0	0	0	0	0	0	0	0	0	0	0	0	0	0	0	0	0	0	0	0	0	0	0	0	0	0	0	0	0	0	0	0	0	0	0	0	0	0
SD_QD_2020_06_15_bin_23	0	2.664216528	0	0	0	0	1.082768835	0	0	0.960245882	0	0	0	0	0	0	0	0	0	0	0	0	0	0	0	0	0	0	0	0	0	0	0	0	0	0	0	0	0	0	0	0.84060245	5.028079677	4.467594256	3.264746614	3.985865462	4.439286217	4.427730904	0	0	0	0	0	0	0	0	0	0	0	0	0	0	0	0	0	0	0	0	0	0	0	0	0	0	0	0	0	0	0	0	0	0	0	0	0	0	0	0	0	0	0	0	0
SD_QD_2020_06_15_bin_26	1.687137227	3.181850755	1.407835167	1.082392378	1.146478768	0.882975025	2.514439945	1.515326812	0	0	0	0	0	0	0	0	0	0	0	0	0	0	0	0	0	0	0	0	0	0	0	0	0	0	0	0	0	0	0	0	0	0	0	0	0	0	0	0	0	0	0	0	0	0	0	0	0	0	0	0	0	0	0	0	0	0	0	0	0	0	0	0	0	0	0	0	0	0	0	0	0	0	0	0	0	0	0	0	0	0	0	0	0
SD_QD_2020_06_15_bin_29	0	3.296991279	0	0	0	0	2.801388407	0	0	0	0	0	0	0	0	0	0	0	0	0	0	0	0	0	0	0	0	0	0	0	0	0	0	0	0	0	0	0	0	0	0	0	0	0	0	0	0	0	0	0	0	0	0	0	0	0	0	0	0	0	0	0	0	0	0	0	0	0	0	0	0	0	0	0	0	0	0	0	0	0	0	0	0	0	0	0	0	0	0	0	0	0	0
SD_QD_2020_06_15_bin_35	9.109068426	8.058577385	0	0	1.133723851	0	2.591448939	8.216188793	0	0	0	0	0	0	0	0	0	0	0	0	0	0	0	0	0	0	0	0	0	0	0	0	0	0	0	0	0	0	0	0	0	0	0	0	0	0	0	0	0	0	0	0	0	0	0	0	0	0	0	0	0	0	0	0	0	0	0	0	0	0	0	0	0	0	0	0	0	0	0	0	0	0	0	0	0	0	0	0	0	0	0	0	0
SD_QD_2020_06_15_bin_37	2.266065634	8.695761991	0	0	0	0	11.27569727	0	0	0	0	0	0	0	0	0	0	0	0	0	0	0	0	0	0	0	0	0	0	0	0	0	0	0	0	0	0	0	0	0	0	0	0	0	0	0	0	0	0	0	0	0	0	0	0	0	0	0	0	0	0	0	0	0	0	0	0	0	0	0	0	0	0	0	0	0	0	0	0	0	0	0	0	0	0	0	0	0	0	0	0	0	0
SD_QD_2020_06_15_bin_38	2.82562479	4.357656299	2.369453088	1.610619503	2.777920809	2.203046998	2.524788714	1.555883459	0	0	0	0	0	0	0	0	0	0	0	0	0	0	0	0	0	0	0	0	0	0	0	0	0	0	0	0	0	0	0	0	0	0	0	0	0	0	0	0	0	0	0	0	0	0	0	0	0	0	0	0	0	0	0	0	0	0	0	0	0	0	0	0	0	0	0	0	0	0	0	0	0	0	0	0	0	0	0	0	0	0	0	0	0
SD_QD_2020_06_15_bin_4	0	2.724655697	1.198619558	0	1.328713262	1.55156845	4.549443282	0.89490341	0	1.800834189	0.888035106	0	0	0	1.026100585	1.235923777	0	0	0	0	0	0	0	0	0	0	0	0	0	0	0	0	0	0	0	0	0	0	0	0	0	0	0	0	0	0	0	0	0	0	0	0	0	0	0	0	0	0	0	0	0	0	0	0	0	0	0	0	0	0	0	0	0	0	0	0	0	0	0	0	0	0	0	0	0	0	0	0	0	0	0	0	0
SD_QD_2020_06_15_bin_40	0	1.833408669	4.837949738	4.566835974	3.355664953	3.057615713	2.784862991	0	0	0	0	0	0	0	0	0	0	0	0	0	0	0	0	0	0	0	19.23396756	20.79660061	4.085763131	2.461420769	2.729994556	3.770823049	0	0	0	0	0	0	0	0	0	0	0	0	0	0	0	0	0	0	0	0	0	0	0	0	0	0	0	0	0	0	0	0	0	0	0	0	0	0	0	0	0	0	0	0	0	0	0	0	0	0	0	0	0	0	0	1.954496918	7.983149905	4.230694923	0	5.250228136	0
SD_QD_2020_06_15_bin_41	0	3.735563472	1.303849587	0	1.590110896	1.010605309	1.006660886	0	0	0	0	0	0	0	0	0	0	1.54008553	1.516099572	0	2.062432159	2.016958241	1.728066435	1.501090889	0	0	0	0	0	0	0	0	0	0	0	0	0	0	0	0	4.228413363	4.525324699	11.61235375	4.578726195	4.616699143	5.015433339	6.426057553	7.800306814	0	0	0	0	0	0	0	0	0	0	0	0	0	0	0	0	0	0	0	0	0	0	0	0	0	0	0	0	0	0	0	0	0	0	0	0	0	0	0	0	0	0	0	0	0
SD_QD_2020_06_15_bin_44	6.164416257	6.995307776	2.584763449	2.173810397	2.747540795	2.719745958	3.434920671	3.069187655	0	0	0	0	0	0	0	0	0	0	0	0	0	0	0	0	0	0	0	0	0	0	0	0	0	0	0	0	0	0	0	0	0	0	0	0	0	0	0	0	0	0	0	0	0	0	0	0	0	0	0	0	0	0	0	0	0	0	0	0	0	0	0	0	0	0	0	0	0	0	0	0	0	0	0	0	0	0	0	0	0	0	0	0	0
SD_QD_2020_06_15_bin_6	2.142147181	2.016123637	0	0	0	0	0.888123783	0	1.639396293	4.733253982	0.89323752	0	1.173823795	1.113743625	0	0.667260598	1.79350441	4.431063708	5.168899949	2.389476269	5.177141983	5.415006034	4.009439136	2.845375317	0	0	0	0	0	0	0	0	0	0	0	0	0	0	0	0	0	0	0	0	0	0	0	0	0	0	0	0	0	0	0	0	0	0	0	0	0	0	0	0	0	0	0	0	0	0	0	0	0	0	0	0	0	0	0	0	0	0	0	0	0	0	0	0	0	0	0	0	0
SD_QD_2020_06_15_bin_7	0	1.170679075	3.499196064	1.8232988	2.245323207	1.890703515	1.601268076	0.950863912	0	0	0	0	0	0	0	0	0	0	0	0	0	0	0	0	0	0	0	0	0	0	0	0	0	0	0	0	0	0	0	0	0	0	0	0	0	0	0	0	0	0	0	0	0	0	0	0	0	0	0	0	0	0	0	0	0	0	0	0	0	0	0	0	0	0	0	0	0	0	0	0	0	0	0	0	0	0	0	0	0	0	0	0	0
SD_QD_2020_08_15_bin_3	0	0	0	0	0	0	15.80420778	2.659150639	0	0	0	0	0	0	0	0	0	0	0	0	0	0	0	0	0	0	0	0	0	0	0	0	0	0	0	0	0	0	0	0	0	0	0	0	0	0	0	0	0	0	0	0	0	0	0	0	0	0	0	0	0	0	0	0	0	0	0	0	0	0	0	0	0	0	0	0	0	0	0	0	0	0	0	0	0	0	0	0	0	0	0	0	0
SD_QD_2020_12_15_bin_6	1.230353058	2.930497343	4.654918652	3.685169928	3.180353631	2.967029776	0	0	0	0	0	0	0	0	0	0	0	0	0	0	0	0	0	0	0	0	0	0	0	0	0	0	0	0	0	0	0	0	0	0	0	0	0	0	0	0	0	0	0	0	0	0	0	0	0	0	0	0	0	0	0	0	0	0	0	0	0	0	0	0	0	0	0	0	0	0	0	0	0.925554051	0	0	0	0	0	0	0	0	0	0	0	0	0	0
SD_QD_2021_02_15_bin_4	0	0	0	0	0	0	0	0	0	0	0	0	0	0	0	0	0	0	0	0	0	0	0	0	0	0	0	0	0	0	0	0	0	0	0	0	0	0	0	0	0	0	0	0	0	0	0	0	0	0	0	0	0	0	0	0	0	0	0	0	0	0	0	0	0	0	0	0	0	0	0	0	0	0	0	0	0	0	0	0	0	0	0	0	0	0	0	0	0	0	0	0	0
SD_QD_2021_02_15_bin_5	1.553876243	0	0	0	0	0	0	0	0	0	0	0	0	0	0	0	0	0	0	0	0	0	0	0	0	1.40411267	0	0	0	0	2.30548613	0	0	0	0	0	0	0	0	0	0	0	0	0	0	0	0	0	0	0	0	0	0	0	0	0	0	0	0	0	0	0	0	0	0	0	0	0	0	0	0	0	0	0	0	0	0	0	0	0	0	0	0	0	0	0	0	0.841741229	0	0	1.13826558	5.157151014	10.04172715
SD_QD_2023_07_20_normal_bin_3	1.424440237	2.09464285	1.323465378	1.170556969	1.309270103	1.449483011	1.495693206	1.209616181	0	0	0	0	0	0	0	0	0	0	0	0	0	0	0	0	0	0	0	0	0	0	0	0	0	0	0	0	0	0	0	0	0	0	0	0	0	0	0	0	0	0	0	0	0	0	0	0	0	0	0	0	0	0	0	0	0	0	0	0	0	0	0	0	0	0	0	0	0	0	0	0	0	0	0	0	0	0	0	1.662111197	0	0	0	1.550315341	2.693324335
SD_QD_2023_07_40_normal_bin_17	2.805232378	5.131836641	0	0	0	0	2.801485951	3.770185914	0	0	0	0	0	0	0	0	0	0	0	0	0	0	0	0	0	0	0	0	0	0	0	0	0	0	0	0	0	0	0	0	0	0	0	0	0	0	0	0	0	0	0	0	0	0	0	0	0	0	0	0	0	0	0	0	0	0	0	0	0	0	0	0	0	0	0	0	0	0	0	0	0	0	0	0	0	0	0	0	0	0	0	0	0
SD_QD_2023_07_40_ultra_bin_12	2.795903719	2.92918148	0.992911596	1.074164771	1.361920729	0	1.634942607	11.60947269	0	0	0	0	0	0	0	0	0	0	0	0	0	0	0	0	5.806966749	0.990471003	0	0	2.794586964	1.284193206	0	0	0	0	0	0	0	0	0	0	0	0	0	0	0	0	0	0	0	0	0	0	0	0	0	0	0	0	0	0	0	0	0	0	0	0	1.096529063	0	0	0	0	0	0	0	0	0	0	0	0	0	0	0	0	0	0	0	0	0	0	0	0	0	0
SD_QD_2023_07_40_ultra_bin_16	1.217504615	2.706095011	1.167970933	1.554884476	1.240873558	0.921071786	1.150773937	1.116766724	0	0	0	0	0	0	0	0	0	0	0	0	0	0	0	0	0	0	0	0	0	0	0	0	0	0	0	0	0	0	0	0	0	0	0	0	0	0	0	0	0	0	0	0	0	0	0	0	0	0	0	0	0	0	0	0	0	0	0	0	0	0	0	0	0	0	0	0	0	0	0	0	0	0	0	0	0	0	0	1.046601436	0	0	0	0	0
SD_QD_2023_07_40_ultra_bin_3	0	0	0	0	0	0	0	0	0.908202224	1.212962	0	0	0	0	0	0	0	0	0	0	0	0	0	0	0	0	0	0	0	0	0	0	0	0	0	0	0	0	0	0	0	0	0	0	0	0	0	0	0	0	0	0	0	0	0	0	0	0	0	0	0	0	0	0	0	0	0	0	0	0	0	0	0	0	0	0	0	0	0	0	0	0	0	0	0	0	0	0	0	0	0	0	0
SD_QD_2023_07_40_ultra_bin_9	3.352204448	2.914229036	0	0	0	0	0	3.538525759	0	0.959128828	1.214193295	0	0	0	0	0	0	0	0	0	0	0	0	0	0	0	0	0	0	0	0	0	0	0	0	0	0	0	0	0	0	0	0	0	0	0	0	0	0	0	0	0	0	0	0	0	0	0	0	0	0	0	0	0	0	0	0	0	0	0	0	0	0	0	0	0	0	0	0	0	0	0	0	0	0	0	0	0	0	0	0	0	0
SD_QD_2023_07_60_normal_bin_5	1.497047391	4.891313772	0	0	0	0	0.960852747	1.498731001	0	0	0	0	0	0	0	0	0	0	0	0	0	0	0	0	0	0	0	0	0	0	0	0	0	0	0	0	0	0	0	0	0	0	0	0	0	0	0	0	0	0	0	0	0	0	0	0	0	0	0	0	0	0	0	0	0	0	0	0	0	0	0	0	0	0	0	0	0	0	0	0	0	0	0	0	0	0	0	0	0	0	0	0	0
SD_QD_2023_07_60_ultra_bin_7	2.553983408	3.934783634	1.820589258	1.310238857	1.867104451	1.53609908	2.426288978	1.477847789	0	0	0	0	0	0	0	0	0	0	0	0	0	0	0	0	0	0	0	0	0	0	0	0	1.22861786	0	0	0	0	0	0	0	0	0	0	0	0	0	0	0	0	0	0	0	0	0	0	0	0	0	0	0	0	0	0	0	0	0	0	0	0	0	0	0	0	0	0	0	0	0	0	0	0	0	0	0	0	0	0	0	0	0	0	0	0
SD_QD_2023_07_80_normal_bin_13	1.227894723	1.560301783	1.01339924	0	1.093103023	1.005626211	1.220182429	0	0	0	0	0	0	0	0	0	0	0	0	0	0	0	0	0	0	0	0	0	0	0	0	0	0	0	0	0	0	0	0	0	0	0	0	0	0	0	0	0	0	0	0	0	0	0	0	0	0	0	0	0	0	0	0	0	0	0	0	0	0	0	0	0	0	0	0	0	0	0	0	0	0	0	0	0	0	0	0	0	0	0	0	0	0
SD_QD_2023_07_80_normal_bin_14	2.944994263	3.750994073	1.601450729	1.328683403	1.858507951	1.399519627	2.090730779	1.500435673	0	0	0	0	0	0	0	0	0	0	0	0	0	0	0	0	0	0	0	0	0	0	0	0	0	0	0	0	0	0	0	0	0	0	0	0	0	0	0	0	0	0	0	0	0	0	0	0	0	0	0	0	0	0	0	0	0	0	0	0	0	0	0	0	0	0	0	0	0	0	0	0	0	0	0	0	0	0	0	0	0	0	0	0	0
SD_QD_2023_07_80_normal_bin_18	1.386759508	1.86977145	0	0	0	0	0.878399173	0	0	0	0	0	0	0	0	0	0	0	0	0	0	0	0	0	0	0	0	0	0	0	0	0	0	0	0	0	0	0	0	0	0	0	0	0	0	0	0	0	0	0	0	0	0	0	0	0	0	0	0	0	0	0	0	0	0	0	0	0	0	0	0	0	0	0	0	0	0	0	0	0	0	0	0	0	0	0	0	0	0	0	0	0	0
SD_QD_2023_07_80_ultra_bin_14	0	0.828204773	0	0	0	0	0	0	0	0	0.858375427	0	0	0	0	0	0	0	0	0	0.78741109	0.982046874	0.868308571	0	0	0	0	0	0	0	0	0	0	0	0	0	0	0	0	0	0	0	0	0	0	0	0	0	0	0	0	0	0	0	0	0	0	0	0	0	0	0	0	0	0	0	0	0	0	0	0	0	0	0	0	0	0	0	0	0	0	0	0	0	0	0	0	4.812195512	0	0	2.369794838	0	0
SD_QD_2023_07_80_ultra_bin_15	0	0	0	0	0	0	0	0	0	1.184077846	0	0	0	0	0	0	0	0	0	0	0	0	0	0	0	0	0	0	0	0	0	0	0	0	0	0	0	0	0	0	0	0	0	0	0	0	0	0	0	0	0	0	0	0	0	0	0	0	0	0	0	0	0	0	0	0	0	0	0	0	0	0	0	0	0	0	0	0	0	0	0	0	0	0	0	0	0	0	0	0	0	0	0
SD_QD_2023_07_80_ultra_bin_19	0	0	0	0	0	0	0	0	0	0	0	0	0	0	0	0	0	0	0	0	0	0	0	0	0	0	0	0	0	0	0	0	0	0	0	0	0	0	0	0	0	0	0	0	0	0	0	0	0	0	0	0	0	0	0	0	0	0	0	0	0	0	0	0	0	0	0	0	0	0	0	0	0	0	0	0	0	0	0	0	0	0	0	0	0	0	0	0	0	0	0	0	0
SD_QD_2023_07_80_ultra_bin_21	0	0	0	0	0	0	0	0	0	0	0	0	0	0	0	0	0	0	0	0	0	0	0	0	0	0	0	0	0	0	0	0	0	0	0	0	0	0	0	0	0	0	0	0	0	0	0	0	0	0	0	0	0	0	0	0	0	0	0	0	0	0	0	0	0	0	0	0	0	0	0	0	0	0	0	0	0	0	0	0	0	0	0	0	0	0	0	0	0	0	0	0	0
SD_QD_2023_07_80_ultra_bin_3	0	0.963215568	0	0	0	0	0	0	0	0	0	0	0	0	0	0	0	0	0	0	0	0	0	0	0	0	0	0	0	0	0	0	0	0	0	0	0	0	0	0	0	0	0	0	0	0	0	0	0	0	0	0	0	0	0	0	0	0	0	0	0	0	0	0	0	0	0	0	0	0	0	0	0	0	0	0	0	0	0	0	0	0	0	0	0	0	0	0	0	0	0	0	0
SD_QD_2023_07_80_ultra_bin_7	1.287856735	1.877384686	0	0	0	0	1.151544116	0.844727569	0	0	0	0	0	0	0	0	0	0	0	0	0	0	0	0	0	0	0	0	0	0	0	0	0	0	0	0	0	0	0	0	0	0	0	0	0	0	0	0	0	0	0	0	0	0	0	0	0	0	0	0	0	0	0	0	0	0	0	0	0	0	0	0	0	0	0	0	0	0	0	0	0	0	0	0	0	0	0	0	0	0	0	0	0
SD_QD_2023_07_100_ultra_bin_1	0	1.596965201	0	0	0	0	0	1.20401479	0	0	0	0	0	0	0	0	0	0	0	0	0	0	0	0	0	0	0	0	0	0	0	0	0	0	0	0	0	0	0	0	0	0	0	0	0	0	0	0	0	0	0	0	0	0	0	0	0	0	0	0	0	0	0	0	0	0	0	0	0	0	0	0	0	0	0	0	0	0	0	0	0	0	0	0	0	0	0	0	0	0	0	0	0
SD_QD_2023_07_100_ultra_bin_3	0	1.088337356	1.160207547	1.147755096	0.880594302	0	1.009220757	2.624558827	0	0	0	0	0	0	0	0	0	0	0	0	0	0	0	0	0	0	0	0	0	0	0	0	0	0	0	0	0	0	0	0	0	0	0	0	0	0	0	0	0	0	0	0	0	0	0	0	0	0	0	0	0	0	0	0	0	0	0	0	0	0	0	0	0	0	0	0	0	0	0	0	0	0	0	0	0	0	0	0	0	0	0	0	0
SD_QD_2023_07_100_ultra_bin_9	1.785149529	3.456093239	2.028026146	1.38760769	2.222806613	1.699658267	2.185765795	1.742930297	0	0	0	0	0	0	0	0	0	0	0	0	0	0	0	0	0	0	0	0	0	0	0	0	0	0	0	0	0	0	0	0	0	0	0	0	0	0	0	0	0	0	0	0	0	0	0	0	0	0	0	0	0	0	0	0	0	0	0	0	0	0	0	0	0	0	0	0	0	0	0	0	0	0	0	0	0	0	0	0	0	0	0	0	0
ZJ_NB_2021_05_15_bin_12	0	0	0	0	0	0	0	0	0	0	0	0	0	0	0	0	2.656856714	5.435000362	5.063383052	2.377261895	6.405800689	6.431832251	4.605863708	5.206642789	0	0	0	0	0	0	0	0	1.399687197	0	0	0	0.854358235	0	0	0	0	0	0	0	0	0	0	0	0	0	0	0	0	0	0	0	0	0	0	0	0	0	0	0	0	0	0	0	0	0	0	0	0	0	0	0	0	0	0	0	0	0	0	0	0	0	0	0	0	0	0	0	0
ZJ_NB_2021_05_15_bin_17	0	0	0	0	0	0	0	0	0	1.880859806	1.522063745	1.60755147	1.04636567	1.819249996	3.456281867	3.406901128	3.283851388	5.127944042	4.364086779	6.90628469	10.92673304	9.700234503	10.71947474	12.90809985	0	0	0	0	0	0	0	0	0	0	0	0	0	0	0	0	0	0	0	0	0	0	0	0	0	0	0	0	0	0	0	0	0	0	0	0	0	0	0	0	0	0	0	0	0	0	0	0	0	0	0	0	0	0	0	0	0	0	0	0	0	0	0	0	0	0	0	0	0
ZJ_NB_2021_05_15_bin_19	0	0	0	0	0	0	0	0	4.738385796	84.37127193	3.210669077	4.804911591	4.359976047	8.00868939	30.17607152	27.09452785	1.053362562	3.952325277	2.178416625	24.15587956	14.24321771	10.44012033	17.55156456	22.72577049	0	0	0	0	0	0	0	0	0	0	0	0	0	0	0	0	0	0	0	0	0	0	0	0	0	0	0	0	0	0	0	0	0	0	0	0	0	0	0	0	0	0	0	0	0	0	0	0	0	0	0	0	0	0	0	0	0	0	0	0	0	0	0	0	0	0	0	0	0
ZJ_NB_2021_05_15_bin_20	0	0	0	0	0	0	0	0	0	0	0	0	0	0	0	0	0	2.819144727	1.703576582	11.989642	9.570505737	5.970739372	11.32257182	15.85943388	0	0	0	0	0	0	0	0	0	0	0	0	0	0	0	0	0	0	0	0	0	0	0	0	0	0	0	0	0	0	0	0	0	0	0	0	0	0	0	0	0	0	0	0	0	0	0	0	0	0	0	0	0	0	0	0	0	0	0	0	0	0	0	0	0	0	0	0	0
ZJ_NB_2021_05_15_bin_4	0	0	0	0	0	0	0	0	0	0.879337495	0.706506523	0	0	0	0	0	1.64875566	6.349920888	4.839530652	2.83903828	5.257841044	7.768803687	5.405586654	4.810550412	0	0	0	0	0	0	0	0	0	0	0	0	0	0	0	0	0	0	0	0	0	0	0	0	0	0	0	0	0	0	0	0	0	0	0	0	0	0	0	0	0	0	0	0	0	0	0	0	0	0	0	0	0	0	0	0	0	0	0	0	0	0	0	0	0	0	0	0	0
ZJ_NB_2021_05_15_bin_5	0	0	0	0	0	0	0	0	0	0	0	0	0	0	0	0	1.10647673	3.773664921	2.533980628	2.413586824	6.417692959	7.458192207	5.146875885	7.363769236	0	0	0	0	0	0	0	0	0	0	0	0	0	0	0	0	0	0	0	0	0	0	0	0	0	0	0	0	0	0	0	0	0	0	0	0	0	0	0	0	0	0	0	0	0	0	0	0	0	0	0	0	0	0	0	0	0	0	0	0	0	0	0	0	0	0	0	0	0
ZJ_NB_2021_05_15_bin_9	0	0	0	0	0	0	0	0	0	0	0	0	0	0	0	0	3.924203534	8.923496063	7.916821612	3.499648842	11.1071289	11.66569215	7.912905071	7.030068862	0	0	0	0	0	0	0	0	0	0	0	0	0	0	0	0	0	0	0	0	0	0	0	0	0	0	0	0	0	0	0	0	0	0	0	0	0	0	0	0	0	0	0	0	0	0	0	0	0	0	0	0	0	0	0	0	0	0	0	0	0	0	0	0	0	0	0	0	0
ZJ_WZ_2021_05_15_bin_11	0	0	0	0	0	0	0	0	9.030576456	24.06764135	11.07671508	10.13884319	13.30440166	13.70140063	15.95659825	9.345895655	10.98333783	27.56841552	27.72059183	17.62145227	29.50186509	30.61087982	21.07850594	18.51256679	0	0	0	0	0	0	0	0	8.274856214	4.421758282	3.876072871	5.371892325	9.955618128	5.960356676	3.442981776	3.654275879	0	0	0	0	0	0	0	0	0	0	0	0	0	0	0	0	0	0	0	0	0	0	0	0	0	0	0	0	0	0	0	0	0	0	0	0	0	0	0	0	0	0	0	0	0	0	0	0	0	0	0	0	0
ZJ_WZ_2021_05_15_bin_4	0	0	0	0	0	0	0	0	1.072368821	3.313062	8.028993381	5.068720838	8.151560794	9.572788893	2.52162467	3.884855728	0	1.754520521	1.827967193	2.326437692	2.78340437	3.060504681	3.370887056	3.780193536	0	0	0	0	0	0	0	0	0	0	0	0	0	0	0	0	0	0	0	0	0	0	0	0	0	0	0	0	0	0	0	0	0	0	0	0	0	0	0	0	0	0	0	0	0	0	0	0	0	0	0	0	0	0	0	0	0	0	0	0	0	0	0	0	0	0	0	0	0
ZJ_WZ_2021_05_15_bin_8	0	0	0	0	0	0	0	0	7.702230383	6.101341083	25.2170202	7.974871046	8.136879429	5.999602943	6.012395694	6.227110189	0	3.252997281	3.246881206	6.41419639	2.639077696	3.784864659	3.849499832	4.754599819	0	0	0	0	0	0	0	0	0	0	0	0	0	0	0	0	0	0	0	0	0	0	0	0	0	0	0	0	0	0	0	0	0	0	0	0	0	0	0	0	0	0	0	0	0	0	0	0	0	0	0	0	0	0	0	0	0	0	0	0	0	0	0	0	0	0	0	0	0
